tstamp,windspeed-3,windspeed-2,windspeed-1,windspeed0,temperature-3,temperature-2,temperature-1,temperature0,solarflux-3,solarflux-2,solarflux-1,solarflux0,humidity-3,humidity-2,humidity-1,humidity0,clearingprice
965070900,9.61883,9.47203,9.31125,9.13649,60.262,60.1664,60.0145,59.8064,0.0,0.0,0.0,0.0,0.8,0.80156,0.80375,0.80656,0.14
965071800,9.47203,9.31125,9.13649,8.94775,60.1664,60.0145,59.8064,59.542,0.0,0.0,0.0,0.0,0.80156,0.80375,0.80656,0.81,0.14
965072700,9.31125,9.13649,8.94775,8.68211,60.0145,59.8064,59.542,59.1201,0.0,0.0,0.0,0.0,0.80375,0.80656,0.81,0.81406,0.14
965073600,9.13649,8.94775,8.68211,8.44443,59.8064,59.542,59.1201,58.7095,0.0,0.0,0.0,0.0,0.80656,0.81,0.81406,0.81875,0.14
965074500,8.94775,8.68211,8.44443,8.23472,59.542,59.1201,58.7095,58.3101,0.0,0.0,0.0,0.0,0.81,0.81406,0.81875,0.82406,0.14
965075400,8.68211,8.44443,8.23472,8.05297,59.1201,58.7095,58.3101,57.922,0.0,0.0,0.0,0.0,0.81406,0.81875,0.82406,0.83,0.14
965076300,8.44443,8.23472,8.05297,7.9621,58.7095,58.3101,57.922,57.6126,0.0,0.0,0.0,0.0,0.81875,0.82406,0.83,0.83844,0.14
965077200,8.23472,8.05297,7.9621,7.85724,58.3101,57.922,57.6126,57.2695,0.0,0.0,0.0,0.0,0.82406,0.83,0.83844,0.84625,0.14
965078100,8.05297,7.9621,7.85724,7.7384,57.922,57.6126,57.2695,56.8926,0.0,0.0,0.0,0.0,0.83,0.83844,0.84625,0.85344,0.14
965079000,7.9621,7.85724,7.7384,7.60558,57.6126,57.2695,56.8926,56.482,0.0,0.0,0.0,0.0,0.83844,0.84625,0.85344,0.86,0.14
965079900,7.85724,7.7384,7.60558,7.33296,57.2695,56.8926,56.482,55.7507,0.0,0.0,0.0,0.0,0.84625,0.85344,0.86,0.865,0.14
965080800,7.7384,7.60558,7.33296,7.13023,56.8926,56.482,55.7507,55.177,0.0,0.0,0.0,0.0,0.85344,0.86,0.865,0.87,0.14
965081700,7.60558,7.33296,7.13023,6.99742,56.482,55.7507,55.177,54.7607,0.0,0.0,0.0,0.0,0.86,0.865,0.87,0.875,0.14
965082600,7.33296,7.13023,6.99742,6.9345,55.7507,55.177,54.7607,54.502,0.0,0.0,0.0,0.2822,0.865,0.87,0.875,0.88,0.14
965083500,7.13023,6.99742,6.9345,6.92052,55.177,54.7607,54.502,54.4176,0.0,0.0,0.2822,0.43954,0.87,0.875,0.88,0.8925,0.14
965084400,6.99742,6.9345,6.92052,6.99043,54.7607,54.502,54.4176,54.4795,0.0,0.2822,0.43954,1.25758,0.875,0.88,0.8925,0.9,0.12
965085300,6.9345,6.92052,6.99043,7.14422,54.502,54.4176,54.4795,54.6876,0.2822,0.43954,1.25758,2.7363,0.88,0.8925,0.9,0.9025,0.12
965086200,6.92052,6.99043,7.14422,7.38189,54.4176,54.4795,54.6876,55.042,0.43954,1.25758,2.7363,4.87572,0.8925,0.9,0.9025,0.9,0.12
965087100,6.99043,7.14422,7.38189,8.1019,54.4795,54.6876,55.042,55.6439,1.25758,2.7363,4.87572,8.43015,0.9,0.9025,0.9,0.89531,0.12
965088000,7.14422,7.38189,8.1019,8.64017,54.6876,55.042,55.6439,56.3245,2.7363,4.87572,8.43015,12.1424,0.9025,0.9,0.89531,0.88375,0.12
965088900,7.38189,8.1019,8.64017,8.99668,55.042,55.6439,56.3245,57.0839,4.87572,8.43015,12.1424,16.0124,0.9,0.89531,0.88375,0.86531,0.12
965089800,8.1019,8.64017,8.99668,9.17144,55.6439,56.3245,57.0839,57.922,8.43015,12.1424,16.0124,20.0403,0.89531,0.88375,0.86531,0.84,0.12
965090700,8.64017,8.99668,9.17144,8.78697,56.3245,57.0839,57.922,59.5307,12.1424,16.0124,20.0403,25.9639,0.88375,0.86531,0.84,0.77875,0.12
965091600,8.99668,9.17144,8.78697,8.4724,57.0839,57.922,59.5307,60.757,16.0124,20.0403,25.9639,30.8866,0.86531,0.84,0.77875,0.73,0.12
965092500,9.17144,8.78697,8.4724,8.22773,57.922,59.5307,60.757,61.6007,20.0403,25.9639,30.8866,34.8086,0.84,0.77875,0.73,0.69375,0.12
965093400,8.78697,8.4724,8.22773,8.05297,59.5307,60.757,61.6007,62.062,25.9639,30.8866,34.8086,37.7297,0.77875,0.73,0.69375,0.67,0.12
965094300,8.4724,8.22773,8.05297,7.94811,60.757,61.6007,62.062,60.7401,30.8866,34.8086,37.7297,36.8126,0.73,0.69375,0.67,0.6925,0.12
965095200,8.22773,8.05297,7.94811,7.91316,61.6007,62.062,60.7401,59.9695,34.8086,37.7297,36.8126,36.7863,0.69375,0.67,0.6925,0.705,0.12
965096100,8.05297,7.94811,7.91316,7.94811,62.062,60.7401,59.9695,59.7501,37.7297,36.8126,36.7863,37.6508,0.67,0.6925,0.705,0.7075,0.12
965097000,7.94811,7.91316,7.94811,8.05297,60.7401,59.9695,59.7501,60.082,36.8126,36.7863,37.6508,39.4061,0.6925,0.705,0.7075,0.7,0.12
965097900,7.91316,7.94811,8.05297,8.20676,59.9695,59.7501,60.082,62.5176,36.7863,37.6508,39.4061,47.5089,0.705,0.7075,0.7,0.65531,0.12
965098800,7.94811,8.05297,8.20676,8.44443,59.7501,60.082,62.5176,64.4695,37.6508,39.4061,47.5089,52.8647,0.7075,0.7,0.65531,0.61875,0.12
965099700,8.05297,8.20676,8.44443,8.76599,60.082,62.5176,64.4695,65.9376,39.4061,47.5089,52.8647,55.4736,0.7,0.65531,0.61875,0.59031,0.12
965100600,8.20676,8.44443,8.76599,9.17144,62.5176,64.4695,65.9376,66.922,47.5089,52.8647,55.4736,55.3354,0.65531,0.61875,0.59031,0.57,0.12
965101500,8.44443,8.76599,9.17144,10.248,64.4695,65.9376,66.922,66.7982,52.8647,55.4736,55.3354,45.8918,0.61875,0.59031,0.57,0.56625,0.12
965102400,8.76599,9.17144,10.248,11.0169,65.9376,66.922,66.7982,66.607,55.4736,55.3354,45.8918,38.0735,0.59031,0.57,0.56625,0.565,0.12
965103300,9.17144,10.248,11.0169,11.4783,66.922,66.7982,66.607,66.3482,55.3354,45.8918,38.0735,31.8806,0.57,0.56625,0.565,0.56625,0.12
965104200,10.248,11.0169,11.4783,11.6321,66.7982,66.607,66.3482,66.022,45.8918,38.0735,31.8806,27.3131,0.56625,0.565,0.56625,0.57,0.12
965105100,11.0169,11.4783,11.6321,11.1008,66.607,66.3482,66.022,65.257,38.0735,31.8806,27.3131,26.5752,0.565,0.56625,0.57,0.58563,0.12
965106000,11.4783,11.6321,11.1008,10.5136,66.3482,66.022,65.257,64.672,31.8806,27.3131,26.5752,25.9932,0.56625,0.57,0.58563,0.5975,0.12
965106900,11.6321,11.1008,10.5136,9.87048,66.022,65.257,64.672,64.267,27.3131,26.5752,25.9932,25.567,0.57,0.58563,0.5975,0.60563,0.12
965107800,11.1008,10.5136,9.87048,9.17144,65.257,64.672,64.267,64.042,26.5752,25.9932,25.567,25.2967,0.58563,0.5975,0.60563,0.61,0.12
965108700,10.5136,9.87048,9.17144,7.59859,64.672,64.267,64.042,63.9632,25.9932,25.567,25.2967,24.1086,0.5975,0.60563,0.61,0.61063,0.12
965109600,9.87048,9.17144,7.59859,6.51508,64.267,64.042,63.9632,64.087,25.567,25.2967,24.1086,23.7922,0.60563,0.61,0.61063,0.6075,0.12
965110500,9.17144,7.59859,6.51508,5.92089,64.042,63.9632,64.087,64.4132,25.2967,24.1086,23.7922,24.3474,0.61,0.61063,0.6075,0.60063,0.12
965111400,7.59859,6.51508,5.92089,5.81603,63.9632,64.087,64.4132,64.942,24.1086,23.7922,24.3474,25.7742,0.61063,0.6075,0.60063,0.59,0.12
965112300,6.51508,5.92089,5.81603,7.2281,64.087,64.4132,64.942,66.2807,23.7922,24.3474,25.7742,27.8397,0.6075,0.60063,0.59,0.56719,0.12
965113200,5.92089,5.81603,7.2281,8.44443,64.4132,64.942,66.2807,67.417,24.3474,25.7742,27.8397,30.9322,0.60063,0.59,0.56719,0.54625,0.12
965114100,5.81603,7.2281,8.44443,9.46504,64.942,66.2807,67.417,68.3507,25.7742,27.8397,30.9322,35.0517,0.59,0.56719,0.54625,0.52719,0.12
965115000,7.2281,8.44443,9.46504,10.2899,66.2807,67.417,68.3507,69.082,27.8397,30.9322,35.0517,40.1983,0.56719,0.54625,0.52719,0.51,0.12
965115900,8.44443,9.46504,10.2899,10.8771,67.417,68.3507,69.082,69.3914,30.9322,35.0517,40.1983,52.3055,0.54625,0.52719,0.51,0.49281,0.12
965116800,9.46504,10.2899,10.8771,11.2965,68.3507,69.082,69.3914,69.6445,35.0517,40.1983,52.3055,61.484,0.52719,0.51,0.49281,0.47875,0.12
965117700,10.2899,10.8771,11.2965,11.5482,69.082,69.3914,69.6445,69.8414,40.1983,52.3055,61.484,67.7339,0.51,0.49281,0.47875,0.46781,0.12
965118600,10.8771,11.2965,11.5482,11.6321,69.3914,69.6445,69.8414,69.982,52.3055,61.484,67.7339,71.0552,0.49281,0.47875,0.46781,0.46,0.12
965119500,11.2965,11.5482,11.6321,10.4157,69.6445,69.8414,69.982,70.3532,61.484,67.7339,71.0552,67.3918,0.47875,0.46781,0.46,0.44781,0.12
965120400,11.5482,11.6321,10.4157,9.7866,69.8414,69.982,70.3532,70.477,67.7339,71.0552,67.3918,63.5038,0.46781,0.46,0.44781,0.44375,0.12
965121300,11.6321,10.4157,9.7866,9.74465,69.982,70.3532,70.477,70.3532,71.0552,67.3918,63.5038,59.3911,0.46,0.44781,0.44375,0.44781,0.12
965122200,10.4157,9.7866,9.74465,10.2899,70.3532,70.477,70.3532,69.982,67.3918,63.5038,59.3911,55.0537,0.44781,0.44375,0.44781,0.46,0.12
965123100,9.7866,9.74465,10.2899,13.5824,70.477,70.3532,69.982,68.9076,63.5038,59.3911,55.0537,50.0369,0.44375,0.44781,0.46,0.50094,0.12
965124000,9.74465,10.2899,13.5824,16.0221,70.3532,69.982,68.9076,67.8895,59.3911,55.0537,50.0369,45.0985,0.44781,0.46,0.50094,0.53625,0.12
965124900,10.2899,13.5824,16.0221,17.6089,69.982,68.9076,67.8895,66.9276,55.0537,50.0369,45.0985,40.2387,0.46,0.50094,0.53625,0.56594,0.12
965125800,13.5824,16.0221,17.6089,18.3429,68.9076,67.8895,66.9276,66.022,50.0369,45.0985,40.2387,35.4573,0.50094,0.53625,0.56594,0.59,0.12
965126700,16.0221,17.6089,18.3429,16.7561,67.8895,66.9276,66.022,65.0545,45.0985,40.2387,35.4573,30.329,0.53625,0.56594,0.59,0.6,0.12
965127600,17.6089,18.3429,16.7561,15.2951,66.9276,66.022,65.0545,64.222,40.2387,35.4573,30.329,25.5629,0.56594,0.59,0.6,0.61,0.1308
965128500,18.3429,16.7561,15.2951,13.9599,66.022,65.0545,64.222,63.5245,35.4573,30.329,25.5629,21.159,0.59,0.6,0.61,0.62,0.1307
965129400,16.7561,15.2951,13.9599,12.7505,65.0545,64.222,63.5245,62.962,30.329,25.5629,21.159,17.1171,0.6,0.61,0.62,0.63,0.14
965130300,15.2951,13.9599,12.7505,11.7299,64.222,63.5245,62.962,62.8382,25.5629,21.159,17.1171,13.1373,0.61,0.62,0.63,0.64094,0.14
965131200,13.9599,12.7505,11.7299,10.7932,63.5245,62.962,62.8382,62.647,21.159,17.1171,13.1373,9.71977,0.62,0.63,0.64094,0.65125,0.14
965132100,12.7505,11.7299,10.7932,9.94039,62.962,62.8382,62.647,62.3882,17.1171,13.1373,9.71977,6.86448,0.63,0.64094,0.65125,0.66094,0.14
965133000,11.7299,10.7932,9.94039,9.17144,62.8382,62.647,62.3882,62.062,13.1373,9.71977,6.86448,4.57144,0.64094,0.65125,0.66094,0.67,0.14
965133900,10.7932,9.94039,9.17144,8.50735,62.647,62.3882,62.062,61.3814,9.71977,6.86448,4.57144,3.44711,0.65125,0.66094,0.67,0.68031,0.14
965134800,9.94039,9.17144,8.50735,7.91316,62.3882,62.062,61.3814,60.8245,6.86448,4.57144,3.44711,2.48074,0.66094,0.67,0.68031,0.68875,0.14
965135700,9.17144,8.50735,7.91316,7.38888,62.062,61.3814,60.8245,60.3914,4.57144,3.44711,2.48074,1.67235,0.67,0.68031,0.68875,0.69531,0.14
965136600,8.50735,7.91316,7.38888,6.9345,61.3814,60.8245,60.3914,60.082,3.44711,2.48074,1.67235,1.02193,0.68031,0.68875,0.69531,0.7,0.14
965137500,7.91316,7.38888,6.9345,6.55003,60.8245,60.3914,60.082,60.082,2.48074,1.67235,1.02193,0.67064,0.68875,0.69531,0.7,0.7,0.14
965138400,7.38888,6.9345,6.55003,6.23546,60.3914,60.082,60.082,60.082,1.67235,1.02193,0.67064,0.38323,0.69531,0.7,0.7,0.7,0.14
965139300,6.9345,6.55003,6.23546,5.9908,60.082,60.082,60.082,60.082,1.02193,0.67064,0.38323,0.15968,0.7,0.7,0.7,0.7,0.14
965140200,6.55003,6.23546,5.9908,5.81603,60.082,60.082,60.082,60.082,0.67064,0.38323,0.15968,0.0,0.7,0.7,0.7,0.7,0.14
965141100,6.23546,5.9908,5.81603,6.04672,60.082,60.082,60.082,60.082,0.38323,0.15968,0.0,0.0,0.7,0.7,0.7,0.7,0.14
965142000,5.9908,5.81603,6.04672,6.12361,60.082,60.082,60.082,60.082,0.15968,0.0,0.0,0.0,0.7,0.7,0.7,0.7,0.14
965142900,5.81603,6.04672,6.12361,6.04672,60.082,60.082,60.082,60.082,0.0,0.0,0.0,0.0,0.7,0.7,0.7,0.7,0.14
965143800,6.04672,6.12361,6.04672,5.81603,60.082,60.082,60.082,60.082,0.0,0.0,0.0,0.0,0.7,0.7,0.7,0.7,0.14
965144700,6.12361,6.04672,5.81603,4.84437,60.082,60.082,60.082,60.1832,0.0,0.0,0.0,0.0,0.7,0.7,0.7,0.69813,0.14
965145600,6.04672,5.81603,4.84437,4.11037,60.082,60.082,60.1832,60.217,0.0,0.0,0.0,0.0,0.7,0.7,0.69813,0.6975,0.16
965146500,5.81603,4.84437,4.11037,3.61405,60.082,60.1832,60.217,60.1832,0.0,0.0,0.0,0.0,0.7,0.69813,0.6975,0.69813,0.3
965147400,4.84437,4.11037,3.61405,3.3554,60.1832,60.217,60.1832,60.082,0.0,0.0,0.0,0.0,0.69813,0.6975,0.69813,0.7,0.3
965148300,4.11037,3.61405,3.3554,3.5022,60.217,60.1832,60.082,59.8964,0.0,0.0,0.0,0.0,0.6975,0.69813,0.7,0.70125,0.3
965149200,3.61405,3.3554,3.5022,3.77483,60.1832,60.082,59.8964,59.6545,0.0,0.0,0.0,0.0,0.69813,0.7,0.70125,0.705,0.3
965150100,3.3554,3.5022,3.77483,4.17328,60.082,59.8964,59.6545,59.3564,0.0,0.0,0.0,0.0,0.7,0.70125,0.705,0.71125,0.3
965151000,3.5022,3.77483,4.17328,4.69757,59.8964,59.6545,59.3564,59.002,0.0,0.0,0.0,0.0,0.70125,0.705,0.71125,0.72,0.3
965151900,3.77483,4.17328,4.69757,6.29138,59.6545,59.3564,59.002,58.507,0.0,0.0,0.0,0.0,0.705,0.71125,0.72,0.73594,0.3
965152800,4.17328,4.69757,6.29138,7.38189,59.3564,59.002,58.507,58.012,0.0,0.0,0.0,0.0,0.71125,0.72,0.73594,0.75125,0.14
965153700,4.69757,6.29138,7.38189,7.96909,59.002,58.507,58.012,57.517,0.0,0.0,0.0,0.0,0.72,0.73594,0.75125,0.76594,0.14
965154600,6.29138,7.38189,7.96909,8.05297,58.507,58.012,57.517,57.022,0.0,0.0,0.0,0.0,0.73594,0.75125,0.76594,0.78,0.14
965155500,7.38189,7.96909,8.05297,6.31235,58.012,57.517,57.022,56.4426,0.0,0.0,0.0,0.0,0.75125,0.76594,0.78,0.79063,0.14
965156400,7.96909,8.05297,6.31235,4.94922,57.517,57.022,56.4426,55.9195,0.0,0.0,0.0,0.0,0.76594,0.78,0.79063,0.8025,0.14
965157300,8.05297,6.31235,4.94922,3.96357,57.022,56.4426,55.9195,55.4526,0.0,0.0,0.0,0.0,0.78,0.79063,0.8025,0.81563,0.16
965158200,6.31235,4.94922,3.96357,3.3554,56.4426,55.9195,55.4526,55.042,0.0,0.0,0.0,0.0,0.79063,0.8025,0.81563,0.83,0.3
965159100,4.94922,3.96357,3.3554,3.71192,55.9195,55.4526,55.042,54.5695,0.0,0.0,0.0,0.0,0.8025,0.81563,0.83,0.85688,0.3
965160000,3.96357,3.3554,3.71192,4.05445,55.4526,55.042,54.5695,54.232,0.0,0.0,0.0,0.0,0.81563,0.83,0.85688,0.8775,0.3
965160900,3.3554,3.71192,4.05445,4.383,55.042,54.5695,54.232,54.0295,0.0,0.0,0.0,0.0,0.83,0.85688,0.8775,0.89188,0.3
965161800,3.71192,4.05445,4.383,4.69757,54.5695,54.232,54.0295,53.962,0.0,0.0,0.0,0.0,0.85688,0.8775,0.89188,0.9,0.3
965162700,4.05445,4.383,4.69757,4.87233,54.232,54.0295,53.962,54.7045,0.0,0.0,0.0,0.0,0.8775,0.89188,0.9,0.88406,0.3
965163600,4.383,4.69757,4.87233,5.11699,54.0295,53.962,54.7045,55.132,0.0,0.0,0.0,0.0,0.89188,0.9,0.88406,0.87375,0.3
965164500,4.69757,4.87233,5.11699,5.43156,53.962,54.7045,55.132,55.2445,0.0,0.0,0.0,0.0,0.9,0.88406,0.87375,0.86906,0.16
965165400,4.87233,5.11699,5.43156,5.81603,54.7045,55.132,55.2445,55.042,0.0,0.0,0.0,0.0,0.88406,0.87375,0.86906,0.87,0.16
965166300,5.11699,5.43156,5.81603,6.68984,55.132,55.2445,55.042,53.4107,0.0,0.0,0.0,0.0,0.87375,0.86906,0.87,0.89719,0.16
965167200,5.43156,5.81603,6.68984,7.35393,55.2445,55.042,53.4107,52.207,0.0,0.0,0.0,0.0,0.86906,0.87,0.89719,0.91625,0.14
965168100,5.81603,6.68984,7.35393,7.80831,55.042,53.4107,52.207,51.4307,0.0,0.0,0.0,0.0,0.87,0.89719,0.91625,0.92719,0.14
965169000,6.68984,7.35393,7.80831,8.05297,53.4107,52.207,51.4307,51.082,0.0,0.0,0.0,0.28156,0.89719,0.91625,0.92719,0.93,0.14
965169900,7.35393,7.80831,8.05297,7.77335,52.207,51.4307,51.082,51.7007,0.0,0.0,0.28156,1.41423,0.91625,0.92719,0.93,0.91625,0.14
965170800,7.80831,8.05297,7.77335,7.49374,51.4307,51.082,51.7007,52.387,0.0,0.28156,1.41423,2.92423,0.92719,0.93,0.91625,0.9,0.14
965171700,8.05297,7.77335,7.49374,7.21412,51.082,51.7007,52.387,53.1407,0.28156,1.41423,2.92423,4.81156,0.93,0.91625,0.9,0.88125,0.14
965172600,7.77335,7.49374,7.21412,6.9345,51.7007,52.387,53.1407,53.962,1.41423,2.92423,4.81156,7.07621,0.91625,0.9,0.88125,0.86,0.14
965173500,7.49374,7.21412,6.9345,6.1306,52.387,53.1407,53.962,55.0364,2.92423,4.81156,7.07621,9.88034,0.9,0.88125,0.86,0.82969,0.14
965174400,7.21412,6.9345,6.1306,5.67623,53.1407,53.962,55.0364,56.0545,4.81156,7.07621,9.88034,12.9537,0.88125,0.86,0.82969,0.80125,0.14
965175300,6.9345,6.1306,5.67623,5.57137,53.962,55.0364,56.0545,57.0164,7.07621,9.88034,12.9537,16.2963,0.86,0.82969,0.80125,0.77469,0.12
965176200,6.1306,5.67623,5.57137,5.81603,55.0364,56.0545,57.0164,57.922,9.88034,12.9537,16.2963,19.9081,0.82969,0.80125,0.77469,0.75,0.12
965177100,5.67623,5.57137,5.81603,7.6685,56.0545,57.0164,57.922,58.7882,12.9537,16.2963,19.9081,25.0992,0.80125,0.77469,0.75,0.72625,0.12
965178000,5.57137,5.81603,7.6685,9.03163,57.0164,57.922,58.7882,59.587,16.2963,19.9081,25.0992,29.6861,0.77469,0.75,0.72625,0.705,0.12
965178900,5.81603,7.6685,9.03163,9.90543,57.922,58.7882,59.587,60.3182,19.9081,25.0992,29.6861,33.669,0.75,0.72625,0.705,0.68625,0.12
965179800,7.6685,9.03163,9.90543,10.2899,58.7882,59.587,60.3182,60.982,25.0992,29.6861,33.669,37.0478,0.72625,0.705,0.68625,0.67,0.12
965180700,9.03163,9.90543,10.2899,8.92677,59.587,60.3182,60.982,61.5614,29.6861,33.669,37.0478,40.4261,0.705,0.68625,0.67,0.65625,0.12
965181600,9.90543,10.2899,8.92677,7.91316,60.3182,60.982,61.5614,62.0845,33.669,37.0478,40.4261,42.7979,0.68625,0.67,0.65625,0.645,0.12
965182500,10.2899,8.92677,7.91316,7.24907,60.982,61.5614,62.0845,62.5514,37.0478,40.4261,42.7979,44.1632,0.67,0.65625,0.645,0.63625,0.12
965183400,8.92677,7.91316,7.24907,6.9345,61.5614,62.0845,62.5514,62.962,40.4261,42.7979,44.1632,44.522,0.65625,0.645,0.63625,0.63,0.12
965184300,7.91316,7.24907,6.9345,7.26305,62.0845,62.5514,62.962,63.0632,42.7979,44.1632,44.522,41.8795,0.645,0.63625,0.63,0.63938,0.12
965185200,7.24907,6.9345,7.26305,7.74539,62.5514,62.962,63.0632,63.277,44.1632,44.522,41.8795,39.5604,0.63625,0.63,0.63938,0.6425,0.12
965186100,6.9345,7.26305,7.74539,8.38152,62.962,63.0632,63.277,63.6032,44.522,41.8795,39.5604,37.5648,0.63,0.63938,0.6425,0.63938,0.12
965187000,7.26305,7.74539,8.38152,9.17144,63.0632,63.277,63.6032,64.042,41.8795,39.5604,37.5648,35.8926,0.63938,0.6425,0.63938,0.63,0.12
965187900,7.74539,8.38152,9.17144,10.7862,63.277,63.6032,64.042,64.9307,39.5604,37.5648,35.8926,33.8214,0.6425,0.63938,0.63,0.59563,0.12
965188800,8.38152,9.17144,10.7862,12.1074,63.6032,64.042,64.9307,65.707,37.5648,35.8926,33.8214,32.5553,0.63938,0.63,0.59563,0.5675,0.12
965189700,9.17144,10.7862,12.1074,13.135,64.042,64.9307,65.707,66.3707,35.8926,33.8214,32.5553,32.0944,0.63,0.59563,0.5675,0.54563,0.1378
965190600,10.7862,12.1074,13.135,13.869,64.9307,65.707,66.3707,66.922,33.8214,32.5553,32.0944,32.4386,0.59563,0.5675,0.54563,0.53,0.14
965191500,12.1074,13.135,13.869,13.7641,65.707,66.3707,66.922,67.1076,32.5553,32.0944,32.4386,34.3002,0.5675,0.54563,0.53,0.53375,0.14
965192400,13.135,13.869,13.7641,13.7292,66.3707,66.922,67.1076,67.3495,32.0944,32.4386,34.3002,36.4921,0.54563,0.53,0.53375,0.535,0.14
965193300,13.869,13.7641,13.7292,13.7641,66.922,67.1076,67.3495,67.6476,32.4386,34.3002,36.4921,39.0144,0.53,0.53375,0.535,0.53375,0.1357
965194200,13.7641,13.7292,13.7641,13.869,67.1076,67.3495,67.6476,68.002,34.3002,36.4921,39.0144,41.867,0.53375,0.535,0.53375,0.53,0.12
965195100,13.7292,13.7641,13.869,14.1486,67.3495,67.6476,68.002,68.767,36.4921,39.0144,41.867,47.9734,0.535,0.53375,0.53,0.5125,0.12
965196000,13.7641,13.869,14.1486,14.4282,67.6476,68.002,68.767,69.352,39.0144,41.867,47.9734,52.4612,0.53375,0.53,0.5125,0.5,0.12
965196900,13.869,14.1486,14.4282,14.7079,68.002,68.767,69.352,69.757,41.867,47.9734,52.4612,55.3305,0.53,0.5125,0.5,0.4925,0.12
965197800,14.1486,14.4282,14.7079,14.9875,68.767,69.352,69.757,69.982,47.9734,52.4612,55.3305,56.5812,0.5125,0.5,0.4925,0.49,0.12
965198700,14.4282,14.7079,14.9875,15.6865,69.352,69.757,69.982,69.6726,52.4612,55.3305,56.5812,54.3008,0.5,0.4925,0.49,0.50375,0.12
965199600,14.7079,14.9875,15.6865,16.1059,69.757,69.982,69.6726,69.4195,55.3305,56.5812,54.3008,51.6769,0.4925,0.49,0.50375,0.515,0.12
965200500,14.9875,15.6865,16.1059,16.2457,69.982,69.6726,69.4195,69.2226,56.5812,54.3008,51.6769,48.7094,0.49,0.50375,0.515,0.52375,0.12
965201400,15.6865,16.1059,16.2457,16.1059,69.6726,69.4195,69.2226,69.082,54.3008,51.6769,48.7094,45.3983,0.50375,0.515,0.52375,0.53,0.12
965202300,16.1059,16.2457,16.1059,14.8477,69.4195,69.2226,69.082,69.1832,51.6769,48.7094,45.3983,40.0476,0.515,0.52375,0.53,0.52625,0.1336
965203200,16.2457,16.1059,14.8477,13.869,69.2226,69.082,69.1832,69.217,48.7094,45.3983,40.0476,35.4841,0.52375,0.53,0.52625,0.525,0.14
965204100,16.1059,14.8477,13.869,13.17,69.082,69.1832,69.217,69.1832,45.3983,40.0476,35.4841,31.7078,0.53,0.52625,0.525,0.52625,0.14
965205000,14.8477,13.869,13.17,12.7505,69.1832,69.217,69.1832,69.082,40.0476,35.4841,31.7078,28.7187,0.52625,0.525,0.52625,0.53,0.14
965205900,13.869,13.17,12.7505,13.2399,69.217,69.1832,69.082,68.812,35.4841,31.7078,28.7187,27.8748,0.525,0.52625,0.53,0.54188,0.14
965206800,13.17,12.7505,13.2399,13.5894,69.1832,69.082,68.812,68.542,31.7078,28.7187,27.8748,26.9128,0.52625,0.53,0.54188,0.5525,0.14
965207700,12.7505,13.2399,13.5894,13.7991,69.082,68.812,68.542,68.272,28.7187,27.8748,26.9128,25.8328,0.53,0.54188,0.5525,0.56188,0.14
965208600,13.2399,13.5894,13.7991,13.869,68.812,68.542,68.272,68.002,27.8748,26.9128,25.8328,24.6346,0.54188,0.5525,0.56188,0.57,0.14
965209500,13.5894,13.7991,13.869,13.8201,68.542,68.272,68.002,67.7151,26.9128,25.8328,24.6346,23.7534,0.5525,0.56188,0.57,0.57313,0.14
965210400,13.7991,13.869,13.8201,13.6173,68.272,68.002,67.7151,67.4395,25.8328,24.6346,23.7534,22.464,0.56188,0.57,0.57313,0.5775,0.14
965211300,13.869,13.8201,13.6173,13.2608,68.002,67.7151,67.4395,67.1751,24.6346,23.7534,22.464,20.7665,0.57,0.57313,0.5775,0.58313,0.14
965212200,13.8201,13.6173,13.2608,12.7505,67.7151,67.4395,67.1751,66.922,23.7534,22.464,20.7665,18.6608,0.57313,0.5775,0.58313,0.59,0.14
965213100,13.6173,13.2608,12.7505,11.1847,67.4395,67.1751,66.922,66.7982,22.464,20.7665,18.6608,14.7209,0.5775,0.58313,0.59,0.59719,0.14
965214000,13.2608,12.7505,11.1847,10.0662,67.1751,66.922,66.7982,66.607,20.7665,18.6608,14.7209,11.3236,0.58313,0.59,0.59719,0.60625,0.14
965214900,12.7505,11.1847,10.0662,9.39513,66.922,66.7982,66.607,66.3482,18.6608,14.7209,11.3236,8.46873,0.59,0.59719,0.60625,0.61719,0.14
965215800,11.1847,10.0662,9.39513,9.17144,66.7982,66.607,66.3482,66.022,14.7209,11.3236,8.46873,6.15635,0.59719,0.60625,0.61719,0.63,0.14
965216700,10.0662,9.39513,9.17144,10.2969,66.607,66.3482,66.022,65.4426,11.3236,8.46873,6.15635,4.99927,0.60625,0.61719,0.63,0.65125,0.14
965217600,9.39513,9.17144,10.2969,11.2686,66.3482,66.022,65.4426,64.9195,8.46873,6.15635,4.99927,3.97614,0.61719,0.63,0.65125,0.67,0.14
965218500,9.17144,10.2969,11.2686,12.0864,66.022,65.4426,64.9195,64.4526,6.15635,4.99927,3.97614,3.08696,0.63,0.65125,0.67,0.68625,0.14
965219400,10.2969,11.2686,12.0864,12.7505,65.4426,64.9195,64.4526,64.042,4.99927,3.97614,3.08696,2.33173,0.65125,0.67,0.68625,0.7,0.14
965220300,11.2686,12.0864,12.7505,13.6803,64.9195,64.4526,64.042,63.7551,3.97614,3.08696,2.33173,1.81472,0.67,0.68625,0.7,0.70563,0.14
965221200,12.0864,12.7505,13.6803,14.1766,64.4526,64.042,63.7551,63.4795,3.08696,2.33173,1.81472,1.36214,0.68625,0.7,0.70563,0.7125,0.14
965222100,12.7505,13.6803,14.1766,14.2395,64.042,63.7551,63.4795,63.2151,2.33173,1.81472,1.36214,0.97401,0.7,0.70563,0.7125,0.72063,0.14
965223000,13.6803,14.1766,14.2395,13.869,63.7551,63.4795,63.2151,62.962,1.81472,1.36214,0.97401,0.65032,0.70563,0.7125,0.72063,0.73,0.14
965223900,14.1766,14.2395,13.869,11.66,63.4795,63.2151,62.962,62.7539,1.36214,0.97401,0.65032,0.42677,0.7125,0.72063,0.73,0.74438,0.14
965224800,14.2395,13.869,11.66,9.95437,63.2151,62.962,62.7539,62.5345,0.97401,0.65032,0.42677,0.24387,0.72063,0.73,0.74438,0.7575,0.14
965225700,13.869,11.66,9.95437,8.75201,62.962,62.7539,62.5345,62.3039,0.65032,0.42677,0.24387,0.10161,0.73,0.74438,0.7575,0.76938,0.14
965226600,11.66,9.95437,8.75201,8.05297,62.7539,62.5345,62.3039,62.062,0.42677,0.24387,0.10161,0.0,0.74438,0.7575,0.76938,0.78,0.14
965227500,9.95437,8.75201,8.05297,9.24134,62.5345,62.3039,62.062,61.6907,0.24387,0.10161,0.0,0.0,0.7575,0.76938,0.78,0.79031,0.14
965228400,8.75201,8.05297,9.24134,10.0103,62.3039,62.062,61.6907,61.387,0.10161,0.0,0.0,0.0,0.76938,0.78,0.79031,0.79875,0.14
965229300,8.05297,9.24134,10.0103,10.3598,62.062,61.6907,61.387,61.1507,0.0,0.0,0.0,0.0,0.78,0.79031,0.79875,0.80531,0.14
965230200,9.24134,10.0103,10.3598,10.2899,61.6907,61.387,61.1507,60.982,0.0,0.0,0.0,0.0,0.79031,0.79875,0.80531,0.81,0.14
965231100,10.0103,10.3598,10.2899,8.64716,61.387,61.1507,60.982,60.982,0.0,0.0,0.0,0.0,0.79875,0.80531,0.81,0.81,0.14
965232000,10.3598,10.2899,8.64716,7.35393,61.1507,60.982,60.982,60.982,0.0,0.0,0.0,0.0,0.80531,0.81,0.81,0.81,0.14
965232900,10.2899,8.64716,7.35393,6.41022,60.982,60.982,60.982,60.982,0.0,0.0,0.0,0.0,0.81,0.81,0.81,0.81,0.14
965233800,8.64716,7.35393,6.41022,5.81603,60.982,60.982,60.982,60.982,0.0,0.0,0.0,0.0,0.81,0.81,0.81,0.81,0.14
965234700,7.35393,6.41022,5.81603,6.20051,60.982,60.982,60.982,61.0664,0.0,0.0,0.0,0.0,0.81,0.81,0.81,0.80719,0.1555
965235600,6.41022,5.81603,6.20051,6.51508,60.982,60.982,61.0664,61.0945,0.0,0.0,0.0,0.0,0.81,0.81,0.80719,0.80625,0.1514
965236500,5.81603,6.20051,6.51508,6.75974,60.982,61.0664,61.0945,61.0664,0.0,0.0,0.0,0.0,0.81,0.80719,0.80625,0.80719,0.14
965237400,6.20051,6.51508,6.75974,6.9345,61.0664,61.0945,61.0664,60.982,0.0,0.0,0.0,0.0,0.80719,0.80625,0.80719,0.81,0.14
965238300,6.51508,6.75974,6.9345,6.9345,61.0945,61.0664,60.982,60.6726,0.0,0.0,0.0,0.0,0.80625,0.80719,0.81,0.82313,0.14
965239200,6.75974,6.9345,6.9345,6.9345,61.0664,60.982,60.6726,60.4195,0.0,0.0,0.0,0.0,0.80719,0.81,0.82313,0.8325,0.14
965240100,6.9345,6.9345,6.9345,6.9345,60.982,60.6726,60.4195,60.2226,0.0,0.0,0.0,0.0,0.81,0.82313,0.8325,0.83813,0.14
965241000,6.9345,6.9345,6.9345,6.9345,60.6726,60.4195,60.2226,60.082,0.0,0.0,0.0,0.0,0.82313,0.8325,0.83813,0.84,0.14
965241900,6.9345,6.9345,6.9345,7.14422,60.4195,60.2226,60.082,60.1832,0.0,0.0,0.0,0.0,0.8325,0.83813,0.84,0.82688,0.14
965242800,6.9345,6.9345,7.14422,7.21412,60.2226,60.082,60.1832,60.217,0.0,0.0,0.0,0.0,0.83813,0.84,0.82688,0.8175,0.14
965243700,6.9345,7.14422,7.21412,7.14422,60.082,60.1832,60.217,60.1832,0.0,0.0,0.0,0.0,0.84,0.82688,0.8175,0.81188,0.14
965244600,7.14422,7.21412,7.14422,6.9345,60.1832,60.217,60.1832,60.082,0.0,0.0,0.0,0.0,0.82688,0.8175,0.81188,0.81,0.14
965245500,7.21412,7.14422,6.9345,6.16556,60.217,60.1832,60.082,59.7107,0.0,0.0,0.0,0.0,0.8175,0.81188,0.81,0.82031,0.14
965246400,7.14422,6.9345,6.16556,5.53642,60.1832,60.082,59.7107,59.407,0.0,0.0,0.0,0.0,0.81188,0.81,0.82031,0.82875,0.14
965247300,6.9345,6.16556,5.53642,5.04709,60.082,59.7107,59.407,59.1707,0.0,0.0,0.0,0.0,0.81,0.82031,0.82875,0.83531,0.16
965248200,6.16556,5.53642,5.04709,4.69757,59.7107,59.407,59.1707,59.002,0.0,0.0,0.0,0.0,0.82031,0.82875,0.83531,0.84,0.16
965249100,5.53642,5.04709,4.69757,4.69757,59.407,59.1707,59.002,59.1032,0.0,0.0,0.0,0.0,0.82875,0.83531,0.84,0.83438,0.3
965250000,5.04709,4.69757,4.69757,4.69757,59.1707,59.002,59.1032,59.137,0.0,0.0,0.0,0.0,0.83531,0.84,0.83438,0.8325,0.3
965250900,4.69757,4.69757,4.69757,4.69757,59.002,59.1032,59.137,59.1032,0.0,0.0,0.0,0.0,0.84,0.83438,0.8325,0.83438,0.3
965251800,4.69757,4.69757,4.69757,4.69757,59.1032,59.137,59.1032,59.002,0.0,0.0,0.0,0.0,0.83438,0.8325,0.83438,0.84,0.3
965252700,4.69757,4.69757,4.69757,4.48785,59.137,59.1032,59.002,58.5295,0.0,0.0,0.0,0.0,0.8325,0.83438,0.84,0.86063,0.3
965253600,4.69757,4.69757,4.48785,4.41795,59.1032,59.002,58.5295,58.192,0.0,0.0,0.0,0.0,0.83438,0.84,0.86063,0.8775,0.3
965254500,4.69757,4.48785,4.41795,4.48785,59.002,58.5295,58.192,57.9895,0.0,0.0,0.0,0.05124,0.84,0.86063,0.8775,0.89063,0.3
965255400,4.48785,4.41795,4.48785,4.69757,58.5295,58.192,57.9895,57.922,0.0,0.0,0.05124,0.28092,0.86063,0.8775,0.89063,0.9,0.3
965256300,4.41795,4.48785,4.69757,5.67623,58.192,57.9895,57.922,58.192,0.0,0.05124,0.28092,0.55854,0.8775,0.89063,0.9,0.90281,0.3
965257200,4.48785,4.69757,5.67623,6.37527,57.9895,57.922,58.192,58.462,0.05124,0.28092,0.55854,0.98136,0.89063,0.9,0.90281,0.90375,0.16
965258100,4.69757,5.67623,6.37527,6.79469,57.922,58.192,58.462,58.732,0.28092,0.55854,0.98136,1.54937,0.9,0.90281,0.90375,0.90281,0.14
965259000,5.67623,6.37527,6.79469,6.9345,58.192,58.462,58.732,59.002,0.55854,0.98136,1.54937,2.26258,0.90281,0.90375,0.90281,0.9,0.14
965259900,6.37527,6.79469,6.9345,5.95584,58.462,58.732,59.002,59.2889,0.98136,1.54937,2.26258,3.35194,0.90375,0.90281,0.9,0.8925,0.14
965260800,6.79469,6.9345,5.95584,5.2568,58.732,59.002,59.2889,59.5645,1.54937,2.26258,3.35194,4.43253,0.90281,0.9,0.8925,0.885,0.14
965261700,6.9345,5.95584,5.2568,4.83737,59.002,59.2889,59.5645,59.8289,2.26258,3.35194,4.43253,5.50433,0.9,0.8925,0.885,0.8775,0.16
965262600,5.95584,5.2568,4.83737,4.69757,59.2889,59.5645,59.8289,60.082,3.35194,4.43253,5.50433,6.56735,0.8925,0.885,0.8775,0.87,0.16
965263500,5.2568,4.83737,4.69757,6.11662,59.5645,59.8289,60.082,60.2057,4.43253,5.50433,6.56735,7.27226,0.885,0.8775,0.87,0.86531,0.16
965264400,4.83737,4.69757,6.11662,6.96246,59.8289,60.082,60.2057,60.397,5.50433,6.56735,7.27226,8.20128,0.8775,0.87,0.86531,0.85875,0.14
965265300,4.69757,6.11662,6.96246,7.23509,60.082,60.2057,60.397,60.6557,6.56735,7.27226,8.20128,9.3544,0.87,0.86531,0.85875,0.85031,0.14
965266200,6.11662,6.96246,7.23509,6.9345,60.2057,60.397,60.6557,60.982,7.27226,8.20128,9.3544,10.7316,0.86531,0.85875,0.85031,0.84,0.14
965267100,6.96246,7.23509,6.9345,4.00551,60.397,60.6557,60.982,61.477,8.20128,9.3544,10.7316,12.4122,0.85875,0.85031,0.84,0.82688,0.14
965268000,7.23509,6.9345,4.00551,1.87343,60.6557,60.982,61.477,61.972,9.3544,10.7316,12.4122,14.2641,0.85031,0.84,0.82688,0.8125,0.3
965268900,6.9345,4.00551,1.87343,0.53826,60.982,61.477,61.972,62.467,10.7316,12.4122,14.2641,16.2872,0.84,0.82688,0.8125,0.79688,0.3
965269800,4.00551,1.87343,0.53826,0.0,61.477,61.972,62.467,62.962,12.4122,14.2641,16.2872,18.4817,0.82688,0.8125,0.79688,0.78,0.3
965270700,1.87343,0.53826,0.0,1.89441,61.972,62.467,62.962,63.2545,14.2641,16.2872,18.4817,19.0698,0.8125,0.79688,0.78,0.76281,0.3
965271600,0.53826,0.0,1.89441,3.49521,62.467,62.962,63.2545,63.682,16.2872,18.4817,19.0698,21.0143,0.79688,0.78,0.76281,0.74375,0.3
965272500,0.0,1.89441,3.49521,4.80242,62.962,63.2545,63.682,64.2445,18.4817,19.0698,21.0143,24.3152,0.78,0.76281,0.74375,0.72281,0.3
965273400,1.89441,3.49521,4.80242,5.81603,63.2545,63.682,64.2445,64.942,19.0698,21.0143,24.3152,28.9724,0.76281,0.74375,0.72281,0.7,0.14
965274300,3.49521,4.80242,5.81603,6.20051,63.682,64.2445,64.942,66.4664,21.0143,24.3152,28.9724,41.3901,0.74375,0.72281,0.7,0.66031,0.14
965275200,4.80242,5.81603,6.20051,6.51508,64.2445,64.942,66.4664,67.6645,24.3152,28.9724,41.3901,50.8947,0.72281,0.7,0.66031,0.62875,0.12
965276100,5.81603,6.20051,6.51508,6.75974,64.942,66.4664,67.6645,68.5364,28.9724,41.3901,50.8947,57.4861,0.7,0.66031,0.62875,0.60531,0.12
965277000,6.20051,6.51508,6.75974,6.9345,66.4664,67.6645,68.5364,69.082,41.3901,50.8947,57.4861,61.1645,0.66031,0.62875,0.60531,0.59,0.12
965277900,6.51508,6.75974,6.9345,7.03936,67.6645,68.5364,69.082,68.5251,50.8947,57.4861,61.1645,56.1235,0.62875,0.60531,0.59,0.59875,0.12
965278800,6.75974,6.9345,7.03936,7.07431,68.5364,69.082,68.5251,68.1595,57.4861,61.1645,56.1235,52.0402,0.60531,0.59,0.59875,0.605,0.12
965279700,6.9345,7.03936,7.07431,7.03936,69.082,68.5251,68.1595,67.9851,61.1645,56.1235,52.0402,48.9145,0.59,0.59875,0.605,0.60875,0.12
965280600,7.03936,7.07431,7.03936,6.9345,68.5251,68.1595,67.9851,68.002,56.1235,52.0402,48.9145,46.7465,0.59875,0.605,0.60875,0.61,0.12
965281500,7.07431,7.03936,6.9345,6.55003,68.1595,67.9851,68.002,68.5814,52.0402,48.9145,46.7465,46.9478,0.605,0.60875,0.61,0.60875,0.12
965282400,7.03936,6.9345,6.55003,6.23546,67.9851,68.002,68.5814,69.1045,48.9145,46.7465,46.9478,47.1656,0.60875,0.61,0.60875,0.605,0.12
965283300,6.9345,6.55003,6.23546,5.9908,68.002,68.5814,69.1045,69.5714,46.7465,46.9478,47.1656,47.3998,0.61,0.60875,0.605,0.59875,0.12
965284200,6.55003,6.23546,5.9908,5.81603,68.5814,69.1045,69.5714,69.982,46.9478,47.1656,47.3998,47.6505,0.60875,0.605,0.59875,0.59,0.12
965285100,6.23546,5.9908,5.81603,5.71118,69.1045,69.5714,69.982,70.3532,47.1656,47.3998,47.6505,50.0856,0.605,0.59875,0.59,0.5675,0.12
965286000,5.9908,5.81603,5.71118,5.67623,69.5714,69.982,70.3532,70.657,47.3998,47.6505,50.0856,51.0918,0.59875,0.59,0.5675,0.55,0.12
965286900,5.81603,5.71118,5.67623,5.71118,69.982,70.3532,70.657,70.8932,47.6505,50.0856,51.0918,50.6691,0.59,0.5675,0.55,0.5375,0.12
965287800,5.71118,5.67623,5.71118,5.81603,70.3532,70.657,70.8932,71.062,50.0856,51.0918,50.6691,48.8174,0.5675,0.55,0.5375,0.53,0.12
965288700,5.67623,5.71118,5.81603,5.9908,70.657,70.8932,71.062,70.8764,51.0918,50.6691,48.8174,39.5704,0.55,0.5375,0.53,0.54156,0.12
965289600,5.71118,5.81603,5.9908,6.23546,70.8932,71.062,70.8764,70.8145,50.6691,48.8174,39.5704,32.8721,0.5375,0.53,0.54156,0.54875,0.14
965290500,5.81603,5.9908,6.23546,6.55003,71.062,70.8764,70.8145,70.8764,48.8174,39.5704,32.8721,28.7225,0.53,0.54156,0.54875,0.55156,0.14
965291400,5.9908,6.23546,6.55003,6.9345,70.8764,70.8145,70.8764,71.062,39.5704,32.8721,28.7225,27.1216,0.54156,0.54875,0.55156,0.55,0.14
965292300,6.23546,6.55003,6.9345,7.80831,70.8145,70.8764,71.062,71.9282,32.8721,28.7225,27.1216,36.218,0.54875,0.55156,0.55,0.53,0.14
965293200,6.55003,6.9345,7.80831,8.4724,70.8764,71.062,71.9282,72.547,28.7225,27.1216,36.218,42.4307,0.55156,0.55,0.53,0.515,0.14
965294100,6.9345,7.80831,8.4724,8.92677,71.062,71.9282,72.547,72.9182,27.1216,36.218,42.4307,45.7598,0.55,0.53,0.515,0.505,0.14
965295000,7.80831,8.4724,8.92677,9.17144,71.9282,72.547,72.9182,73.042,36.218,42.4307,45.7598,46.2051,0.53,0.515,0.505,0.5,0.14
965295900,8.4724,8.92677,9.17144,8.68211,72.547,72.9182,73.042,72.3614,42.4307,45.7598,46.2051,37.4702,0.515,0.505,0.5,0.51219,0.14
965296800,8.92677,9.17144,8.68211,8.33259,72.9182,73.042,72.3614,71.8045,45.7598,46.2051,37.4702,30.0493,0.505,0.5,0.51219,0.52125,0.14
965297700,9.17144,8.68211,8.33259,8.12287,73.042,72.3614,71.8045,71.3714,46.2051,37.4702,30.0493,23.9424,0.5,0.51219,0.52125,0.52719,0.14
965298600,8.68211,8.33259,8.12287,8.05297,72.3614,71.8045,71.3714,71.062,37.4702,30.0493,23.9424,19.1495,0.51219,0.52125,0.52719,0.53,0.14
965299500,8.33259,8.12287,8.05297,8.33259,71.8045,71.3714,71.062,71.2476,30.0493,23.9424,19.1495,17.8168,0.52125,0.52719,0.53,0.5175,0.14
965300400,8.12287,8.05297,8.33259,8.6122,71.3714,71.062,71.2476,71.3095,23.9424,19.1495,17.8168,16.3674,0.52719,0.53,0.5175,0.51,0.14
965301300,8.05297,8.33259,8.6122,8.89182,71.062,71.2476,71.3095,71.2476,19.1495,17.8168,16.3674,14.8013,0.53,0.5175,0.51,0.5075,0.14
965302200,8.33259,8.6122,8.89182,9.17144,71.2476,71.3095,71.2476,71.062,17.8168,16.3674,14.8013,13.1184,0.5175,0.51,0.5075,0.51,0.14
965303100,8.6122,8.89182,9.17144,9.66077,71.3095,71.2476,71.062,70.4826,16.3674,14.8013,13.1184,10.8231,0.51,0.5075,0.51,0.52688,0.14
965304000,8.89182,9.17144,9.66077,10.0103,71.2476,71.062,70.4826,69.9595,14.8013,13.1184,10.8231,8.74167,0.5075,0.51,0.52688,0.5425,0.14
965304900,9.17144,9.66077,10.0103,10.22,71.062,70.4826,69.9595,69.4926,13.1184,10.8231,8.74167,6.87403,0.51,0.52688,0.5425,0.55688,0.14
965305800,9.66077,10.0103,10.22,10.2899,70.4826,69.9595,69.4926,69.082,10.8231,8.74167,6.87403,5.22021,0.52688,0.5425,0.55688,0.57,0.14
965306700,10.0103,10.22,10.2899,10.1151,69.9595,69.4926,69.082,68.9976,8.74167,6.87403,5.22021,3.75092,0.5425,0.55688,0.57,0.57531,0.14
965307600,10.22,10.2899,10.1151,9.87048,69.4926,69.082,68.9976,68.7895,6.87403,5.22021,3.75092,2.515,0.55688,0.57,0.57531,0.58375,0.14
965308500,10.2899,10.1151,9.87048,9.55591,69.082,68.9976,68.7895,68.4576,5.22021,3.75092,2.515,1.51243,0.57,0.57531,0.58375,0.59531,0.14
965309400,10.1151,9.87048,9.55591,9.17144,68.9976,68.7895,68.4576,68.002,3.75092,2.515,1.51243,0.74322,0.57531,0.58375,0.59531,0.61,0.16
965310300,9.87048,9.55591,9.17144,8.19278,68.7895,68.4576,68.002,66.9501,2.515,1.51243,0.74322,0.48774,0.58375,0.59531,0.61,0.64094,0.16
965311200,9.55591,9.17144,8.19278,7.49374,68.4576,68.002,66.9501,66.0895,1.51243,0.74322,0.48774,0.27871,0.59531,0.61,0.64094,0.66625,0.16
965312100,9.17144,8.19278,7.49374,7.07431,68.002,66.9501,66.0895,65.4201,0.74322,0.48774,0.27871,0.11613,0.61,0.64094,0.66625,0.68594,0.16
965313000,8.19278,7.49374,7.07431,6.9345,66.9501,66.0895,65.4201,64.942,0.48774,0.27871,0.11613,0.0,0.64094,0.66625,0.68594,0.7,0.16
965313900,7.49374,7.07431,6.9345,7.70345,66.0895,65.4201,64.942,64.942,0.27871,0.11613,0.0,0.0,0.66625,0.68594,0.7,0.69719,0.16
965314800,7.07431,6.9345,7.70345,8.33259,65.4201,64.942,64.942,64.942,0.11613,0.0,0.0,0.0,0.68594,0.7,0.69719,0.69625,0.1562
965315700,6.9345,7.70345,8.33259,8.82192,64.942,64.942,64.942,64.942,0.0,0.0,0.0,0.0,0.7,0.69719,0.69625,0.69719,0.14
965316600,7.70345,8.33259,8.82192,9.17144,64.942,64.942,64.942,64.942,0.0,0.0,0.0,0.0,0.69719,0.69625,0.69719,0.7,0.14
965317500,8.33259,8.82192,9.17144,9.17144,64.942,64.942,64.942,65.0264,0.0,0.0,0.0,0.0,0.69625,0.69719,0.7,0.70844,0.14
965318400,8.82192,9.17144,9.17144,9.17144,64.942,64.942,65.0264,65.0545,0.0,0.0,0.0,0.0,0.69719,0.7,0.70844,0.71625,0.14
965319300,9.17144,9.17144,9.17144,9.17144,64.942,65.0264,65.0545,65.0264,0.0,0.0,0.0,0.0,0.7,0.70844,0.71625,0.72344,0.14
965320200,9.17144,9.17144,9.17144,9.17144,65.0264,65.0545,65.0264,64.942,0.0,0.0,0.0,0.0,0.70844,0.71625,0.72344,0.73,0.14
965321100,9.17144,9.17144,9.17144,8.94075,65.0545,65.0264,64.942,64.7339,0.0,0.0,0.0,0.0,0.71625,0.72344,0.73,0.73688,0.14
965322000,9.17144,9.17144,8.94075,8.86386,65.0264,64.942,64.7339,64.5145,0.0,0.0,0.0,0.0,0.72344,0.73,0.73688,0.7425,0.14
965322900,9.17144,8.94075,8.86386,8.94075,64.942,64.7339,64.5145,64.2839,0.0,0.0,0.0,0.0,0.73,0.73688,0.7425,0.74688,0.14
965323800,8.94075,8.86386,8.94075,9.17144,64.7339,64.5145,64.2839,64.042,0.0,0.0,0.0,0.0,0.73688,0.7425,0.74688,0.75,0.14
965324700,8.86386,8.94075,9.17144,10.3528,64.5145,64.2839,64.042,63.7551,0.0,0.0,0.0,0.0,0.7425,0.74688,0.75,0.74719,0.14
965325600,8.94075,9.17144,10.3528,11.1567,64.2839,64.042,63.7551,63.4795,0.0,0.0,0.0,0.0,0.74688,0.75,0.74719,0.74625,0.14
965326500,9.17144,10.3528,11.1567,11.5831,64.042,63.7551,63.4795,63.2151,0.0,0.0,0.0,0.0,0.75,0.74719,0.74625,0.74719,0.14
965327400,10.3528,11.1567,11.5831,11.6321,63.7551,63.4795,63.2151,62.962,0.0,0.0,0.0,0.0,0.74719,0.74625,0.74719,0.75,0.14
965328300,11.1567,11.5831,11.6321,10.2969,63.4795,63.2151,62.962,62.8382,0.0,0.0,0.0,0.0,0.74625,0.74719,0.75,0.7575,0.14
965329200,11.5831,11.6321,10.2969,9.25532,63.2151,62.962,62.8382,62.647,0.0,0.0,0.0,0.0,0.74719,0.75,0.7575,0.765,0.14
965330100,11.6321,10.2969,9.25532,8.50735,62.962,62.8382,62.647,62.3882,0.0,0.0,0.0,0.0,0.75,0.7575,0.765,0.7725,0.14
965331000,10.2969,9.25532,8.50735,8.05297,62.8382,62.647,62.3882,62.062,0.0,0.0,0.0,0.0,0.7575,0.765,0.7725,0.78,0.14
965331900,9.25532,8.50735,8.05297,8.64716,62.647,62.3882,62.062,61.5839,0.0,0.0,0.0,0.0,0.765,0.7725,0.78,0.78469,0.14
965332800,8.50735,8.05297,8.64716,9.03163,62.3882,62.062,61.5839,61.0945,0.0,0.0,0.0,0.0,0.7725,0.78,0.78469,0.79125,0.14
965333700,8.05297,8.64716,9.03163,9.20639,62.062,61.5839,61.0945,60.5939,0.0,0.0,0.0,0.0,0.78,0.78469,0.79125,0.79969,0.14
965334600,8.64716,9.03163,9.20639,9.17144,61.5839,61.0945,60.5939,60.082,0.0,0.0,0.0,0.0,0.78469,0.79125,0.79969,0.81,0.14
965335500,9.03163,9.20639,9.17144,8.40249,61.0945,60.5939,60.082,59.4239,0.0,0.0,0.0,0.0,0.79125,0.79969,0.81,0.82781,0.14
965336400,9.20639,9.17144,8.40249,7.77335,60.5939,60.082,59.4239,58.8445,0.0,0.0,0.0,0.0,0.79969,0.81,0.82781,0.84375,0.14
965337300,9.17144,8.40249,7.77335,7.28402,60.082,59.4239,58.8445,58.3439,0.0,0.0,0.0,0.0,0.81,0.82781,0.84375,0.85781,0.14
965338200,8.40249,7.77335,7.28402,6.9345,59.4239,58.8445,58.3439,57.922,0.0,0.0,0.0,0.0,0.82781,0.84375,0.85781,0.87,0.14
965339100,7.77335,7.28402,6.9345,6.9345,58.8445,58.3439,57.922,57.5282,0.0,0.0,0.0,0.0,0.84375,0.85781,0.87,0.88031,0.14
965340000,7.28402,6.9345,6.9345,6.9345,58.3439,57.922,57.5282,57.247,0.0,0.0,0.0,0.0,0.85781,0.87,0.88031,0.88875,0.14
965340900,6.9345,6.9345,6.9345,6.9345,57.922,57.5282,57.247,57.0782,0.0,0.0,0.0,0.0,0.87,0.88031,0.88875,0.89531,0.14
965341800,6.9345,6.9345,6.9345,6.9345,57.5282,57.247,57.0782,57.022,0.0,0.0,0.0,0.28105,0.88031,0.88875,0.89531,0.9,0.14
965342700,6.9345,6.9345,6.9345,6.9345,57.247,57.0782,57.022,57.3314,0.0,0.0,0.28105,0.71955,0.88875,0.89531,0.9,0.9,0.14
965343600,6.9345,6.9345,6.9345,6.9345,57.0782,57.022,57.3314,57.5845,0.0,0.28105,0.71955,1.41129,0.89531,0.9,0.9,0.9,0.14
965344500,6.9345,6.9345,6.9345,6.9345,57.022,57.3314,57.5845,57.7814,0.28105,0.71955,1.41129,2.35626,0.9,0.9,0.9,0.9,0.14
965345400,6.9345,6.9345,6.9345,6.9345,57.3314,57.5845,57.7814,57.922,0.71955,1.41129,2.35626,3.55446,0.9,0.9,0.9,0.9,0.14
965346300,6.9345,6.9345,6.9345,6.9345,57.5845,57.7814,57.922,57.8207,1.41129,2.35626,3.55446,5.17177,0.9,0.9,0.9,0.90281,0.14
965347200,6.9345,6.9345,6.9345,6.9345,57.7814,57.922,57.8207,57.787,2.35626,3.55446,5.17177,6.93173,0.9,0.9,0.90281,0.90375,0.14
965348100,6.9345,6.9345,6.9345,6.9345,57.922,57.8207,57.787,57.8207,3.55446,5.17177,6.93173,8.83432,0.9,0.90281,0.90375,0.90281,0.14
965349000,6.9345,6.9345,6.9345,6.9345,57.8207,57.787,57.8207,57.922,5.17177,6.93173,8.83432,10.8795,0.90281,0.90375,0.90281,0.9,0.14
965349900,6.9345,6.9345,6.9345,6.9345,57.787,57.8207,57.922,57.7364,6.93173,8.83432,10.8795,12.7192,0.90375,0.90281,0.9,0.90281,0.14
965350800,6.9345,6.9345,6.9345,6.9345,57.8207,57.922,57.7364,57.8545,8.83432,10.8795,12.7192,14.9336,0.90281,0.9,0.90281,0.89875,0.14
965351700,6.9345,6.9345,6.9345,6.9345,57.922,57.7364,57.8545,58.2764,10.8795,12.7192,14.9336,17.5228,0.9,0.90281,0.89875,0.88781,0.14
965352600,6.9345,6.9345,6.9345,6.9345,57.7364,57.8545,58.2764,59.002,12.7192,14.9336,17.5228,20.4868,0.90281,0.89875,0.88781,0.87,0.14
965353500,6.9345,6.9345,6.9345,6.49411,57.8545,58.2764,59.002,61.0439,14.9336,17.5228,20.4868,23.4631,0.89875,0.88781,0.87,0.82188,0.14
965354400,6.9345,6.9345,6.49411,6.34731,58.2764,59.002,61.0439,62.7145,17.5228,20.4868,23.4631,27.0558,0.88781,0.87,0.82188,0.7825,0.14
965355300,6.9345,6.49411,6.34731,6.49411,59.002,61.0439,62.7145,64.0139,20.4868,23.4631,27.0558,31.2651,0.87,0.82188,0.7825,0.75188,0.14
965356200,6.49411,6.34731,6.49411,6.9345,61.0439,62.7145,64.0139,64.942,23.4631,27.0558,31.2651,36.0909,0.82188,0.7825,0.75188,0.73,0.12
965357100,6.34731,6.49411,6.9345,8.67512,62.7145,64.0139,64.942,64.8407,27.0558,31.2651,36.0909,43.6445,0.7825,0.75188,0.73,0.73281,0.12
965358000,6.49411,6.9345,8.67512,10.0383,64.0139,64.942,64.8407,64.807,31.2651,36.0909,43.6445,50.407,0.75188,0.73,0.73281,0.73375,0.12
965358900,6.9345,8.67512,10.0383,11.0239,64.942,64.8407,64.807,64.8407,36.0909,43.6445,50.407,56.3787,0.73,0.73281,0.73375,0.73281,0.12
965359800,8.67512,10.0383,11.0239,11.6321,64.8407,64.807,64.8407,64.942,43.6445,50.407,56.3787,61.5593,0.73281,0.73375,0.73281,0.73,0.12
965360700,10.0383,11.0239,11.6321,11.4853,64.807,64.8407,64.942,65.0264,50.407,56.3787,61.5593,65.1995,0.73375,0.73281,0.73,0.72625,0.12
965361600,11.0239,11.6321,11.4853,11.2126,64.8407,64.942,65.0264,65.2345,56.3787,61.5593,65.1995,68.5484,0.73281,0.73,0.72625,0.72,0.12
965362500,11.6321,11.4853,11.2126,10.8142,64.942,65.0264,65.2345,65.5664,61.5593,65.1995,68.5484,71.6061,0.73,0.72625,0.72,0.71125,0.12
965363400,11.4853,11.2126,10.8142,10.2899,65.0264,65.2345,65.5664,66.022,65.1995,68.5484,71.6061,74.3725,0.72625,0.72,0.71125,0.7,0.12
965364300,11.2126,10.8142,10.2899,9.24134,65.2345,65.5664,66.022,66.7026,68.5484,71.6061,74.3725,77.3227,0.72,0.71125,0.7,0.68344,0.12
965365200,10.8142,10.2899,9.24134,8.33259,65.5664,66.022,66.7026,67.4395,71.6061,74.3725,77.3227,79.665,0.71125,0.7,0.68344,0.66625,0.12
965366100,10.2899,9.24134,8.33259,7.56364,66.022,66.7026,67.4395,68.2326,74.3725,77.3227,79.665,81.3994,0.7,0.68344,0.66625,0.64844,0.12
965367000,9.24134,8.33259,7.56364,6.9345,66.7026,67.4395,68.2326,69.082,77.3227,79.665,81.3994,82.5257,0.68344,0.66625,0.64844,0.63,0.12
965367900,8.33259,7.56364,6.9345,6.1306,67.4395,68.2326,69.082,70.3589,79.665,81.3994,82.5257,82.4131,0.66625,0.64844,0.63,0.60344,0.12
965368800,7.56364,6.9345,6.1306,5.67623,68.2326,69.082,70.3589,71.4445,81.3994,82.5257,82.4131,82.1133,0.64844,0.63,0.60344,0.58125,0.12
965369700,6.9345,6.1306,5.67623,5.57137,69.082,70.3589,71.4445,72.3389,82.5257,82.4131,82.1133,81.6261,0.63,0.60344,0.58125,0.56344,0.12
965370600,6.1306,5.67623,5.57137,5.81603,70.3589,71.4445,72.3389,73.042,82.4131,82.1133,81.6261,80.9517,0.60344,0.58125,0.56344,0.55,0.12
965371500,5.67623,5.57137,5.81603,7.45878,71.4445,72.3389,73.042,73.0645,82.1133,81.6261,80.9517,80.2969,0.58125,0.56344,0.55,0.55688,0.12
965372400,5.57137,5.81603,7.45878,8.75201,72.3389,73.042,73.0645,73.222,81.6261,80.9517,80.2969,79.3169,0.56344,0.55,0.55688,0.5575,0.12
965373300,5.81603,7.45878,8.75201,9.69572,73.042,73.0645,73.222,73.5145,80.9517,80.2969,79.3169,78.0118,0.55,0.55688,0.5575,0.55188,0.12
965374200,7.45878,8.75201,9.69572,10.2899,73.0645,73.222,73.5145,73.942,80.2969,79.3169,78.0118,76.3816,0.55688,0.5575,0.55188,0.54,0.12
965375100,8.75201,9.69572,10.2899,9.67475,73.222,73.5145,73.942,74.9939,79.3169,78.0118,76.3816,74.4647,0.5575,0.55188,0.54,0.50313,0.12
965376000,9.69572,10.2899,9.67475,9.28329,73.5145,73.942,74.9939,75.8545,78.0118,76.3816,74.4647,72.197,0.55188,0.54,0.50313,0.4725,0.12
965376900,10.2899,9.67475,9.28329,9.11552,73.942,74.9939,75.8545,76.5239,76.3816,74.4647,72.197,69.5786,0.54,0.50313,0.4725,0.44813,0.12
965377800,9.67475,9.28329,9.11552,9.17144,74.9939,75.8545,76.5239,77.002,74.4647,72.197,69.5786,66.6095,0.50313,0.4725,0.44813,0.43,0.12
965378700,9.28329,9.11552,9.17144,10.0173,75.8545,76.5239,77.002,77.1032,72.197,69.5786,66.6095,62.7621,0.4725,0.44813,0.43,0.42188,0.12
965379600,9.11552,9.17144,10.0173,10.7093,76.5239,77.002,77.1032,77.137,69.5786,66.6095,62.7621,58.9157,0.44813,0.43,0.42188,0.4175,0.12
965380500,9.17144,10.0173,10.7093,11.2476,77.002,77.1032,77.137,77.1032,66.6095,62.7621,58.9157,55.0704,0.43,0.42188,0.4175,0.41688,0.12
965381400,10.0173,10.7093,11.2476,11.6321,77.1032,77.137,77.1032,77.002,62.7621,58.9157,55.0704,51.226,0.42188,0.4175,0.41688,0.42,0.12
965382300,10.7093,11.2476,11.6321,11.7579,77.137,77.1032,77.002,76.6307,58.9157,55.0704,51.226,47.4238,0.4175,0.41688,0.42,0.44094,0.12
965383200,11.2476,11.6321,11.7579,11.7998,77.1032,77.002,76.6307,76.327,55.0704,51.226,47.4238,43.5952,0.41688,0.42,0.44094,0.45625,0.12
965384100,11.6321,11.7579,11.7998,11.7579,77.002,76.6307,76.327,76.0907,51.226,47.4238,43.5952,39.7403,0.42,0.44094,0.45625,0.46594,0.12
965385000,11.7579,11.7998,11.7579,11.6321,76.6307,76.327,76.0907,75.922,47.4238,43.5952,39.7403,35.859,0.44094,0.45625,0.46594,0.47,0.12
965385900,11.7998,11.7579,11.6321,11.1707,76.327,76.0907,75.922,76.192,43.5952,39.7403,35.859,31.7197,0.45625,0.46594,0.47,0.45438,0.1279
965386800,11.7579,11.6321,11.1707,10.7932,76.0907,75.922,76.192,76.282,39.7403,35.859,31.7197,27.7085,0.46594,0.47,0.45438,0.4425,0.1255
965387700,11.6321,11.1707,10.7932,10.4996,75.922,76.192,76.282,76.192,35.859,31.7197,27.7085,23.8254,0.47,0.45438,0.4425,0.43438,0.1343
965388600,11.1707,10.7932,10.4996,10.2899,76.192,76.282,76.192,75.922,31.7197,27.7085,23.8254,20.0704,0.45438,0.4425,0.43438,0.43,0.1313
965389500,10.7932,10.4996,10.2899,10.2899,76.282,76.192,75.922,75.4045,27.7085,23.8254,20.0704,15.8543,0.4425,0.43438,0.43,0.4275,0.1341
965390400,10.4996,10.2899,10.2899,10.2899,76.192,75.922,75.4045,74.752,23.8254,20.0704,15.8543,12.1591,0.43438,0.43,0.4275,0.43,0.1341
965391300,10.2899,10.2899,10.2899,10.2899,75.922,75.4045,74.752,73.9645,20.0704,15.8543,12.1591,8.9849,0.43,0.4275,0.43,0.4375,0.134
965392200,10.2899,10.2899,10.2899,10.2899,75.4045,74.752,73.9645,73.042,15.8543,12.1591,8.9849,6.33173,0.4275,0.43,0.4375,0.45,0.1273
965393100,10.2899,10.2899,10.2899,10.3948,74.752,73.9645,73.042,71.5964,12.1591,8.9849,6.33173,4.56165,0.43,0.4375,0.45,0.475,0.1357
965394000,10.2899,10.2899,10.3948,10.4297,73.9645,73.042,71.5964,70.2745,8.9849,6.33173,4.56165,3.07117,0.4375,0.45,0.475,0.5,0.1345
965394900,10.2899,10.3948,10.4297,10.3948,73.042,71.5964,70.2745,69.0764,6.33173,4.56165,3.07117,1.8603,0.45,0.475,0.5,0.525,0.1373
965395800,10.3948,10.4297,10.3948,10.2899,71.5964,70.2745,69.0764,68.002,4.56165,3.07117,1.8603,0.92903,0.475,0.5,0.525,0.55,0.1382
965396700,10.4297,10.3948,10.2899,9.80058,70.2745,69.0764,68.002,66.9501,3.07117,1.8603,0.92903,0.60968,0.5,0.525,0.55,0.58156,0.1385
965397600,10.3948,10.2899,9.80058,9.45106,69.0764,68.002,66.9501,66.0895,1.8603,0.92903,0.60968,0.34839,0.525,0.55,0.58156,0.60875,0.1386
965398500,10.2899,9.80058,9.45106,9.24134,68.002,66.9501,66.0895,65.4201,0.92903,0.60968,0.34839,0.14516,0.55,0.58156,0.60875,0.63156,0.14
965399400,9.80058,9.45106,9.24134,9.17144,66.9501,66.0895,65.4201,64.942,0.60968,0.34839,0.14516,0.0,0.58156,0.60875,0.63156,0.65,0.14
965400300,9.45106,9.24134,9.17144,9.43008,66.0895,65.4201,64.942,64.942,0.34839,0.14516,0.0,0.0,0.60875,0.63156,0.65,0.65844,0.14
965401200,9.24134,9.17144,9.43008,9.70271,65.4201,64.942,64.942,64.942,0.14516,0.0,0.0,0.0,0.63156,0.65,0.65844,0.66625,0.14
965402100,9.17144,9.43008,9.70271,9.98932,64.942,64.942,64.942,64.942,0.0,0.0,0.0,0.0,0.65,0.65844,0.66625,0.67344,0.14
965403000,9.43008,9.70271,9.98932,10.2899,64.942,64.942,64.942,64.942,0.0,0.0,0.0,0.0,0.65844,0.66625,0.67344,0.68,0.14
965403900,9.70271,9.98932,10.2899,10.5416,64.942,64.942,64.942,65.1276,0.0,0.0,0.0,0.0,0.66625,0.67344,0.68,0.68406,0.14
965404800,9.98932,10.2899,10.5416,10.8491,64.942,64.942,65.1276,65.1895,0.0,0.0,0.0,0.0,0.67344,0.68,0.68406,0.68875,0.14
965405700,10.2899,10.5416,10.8491,11.2126,64.942,65.1276,65.1895,65.1276,0.0,0.0,0.0,0.0,0.68,0.68406,0.68875,0.69406,0.14
965406600,10.5416,10.8491,11.2126,11.6321,65.1276,65.1895,65.1276,64.942,0.0,0.0,0.0,0.0,0.68406,0.68875,0.69406,0.7,0.14
965407500,10.8491,11.2126,11.6321,12.9463,65.1895,65.1276,64.942,64.3457,0.0,0.0,0.0,0.0,0.68875,0.69406,0.7,0.70844,0.14
965408400,11.2126,11.6321,12.9463,13.7572,65.1276,64.942,64.3457,63.817,0.0,0.0,0.0,0.0,0.69406,0.7,0.70844,0.71625,0.14
965409300,11.6321,12.9463,13.7572,14.0647,64.942,64.3457,63.817,63.3557,0.0,0.0,0.0,0.0,0.7,0.70844,0.71625,0.72344,0.14
965410200,12.9463,13.7572,14.0647,13.869,64.3457,63.817,63.3557,62.962,0.0,0.0,0.0,0.0,0.70844,0.71625,0.72344,0.73,0.14
965411100,13.7572,14.0647,13.869,11.8697,63.817,63.3557,62.962,62.8382,0.0,0.0,0.0,0.0,0.71625,0.72344,0.73,0.73125,0.14
965412000,14.0647,13.869,11.8697,10.234,63.3557,62.962,62.8382,62.647,0.0,0.0,0.0,0.0,0.72344,0.73,0.73125,0.735,0.14
965412900,13.869,11.8697,10.234,8.96173,62.962,62.8382,62.647,62.3882,0.0,0.0,0.0,0.0,0.73,0.73125,0.735,0.74125,0.14
965413800,11.8697,10.234,8.96173,8.05297,62.8382,62.647,62.3882,62.062,0.0,0.0,0.0,0.0,0.73125,0.735,0.74125,0.75,0.14
965414700,10.234,8.96173,8.05297,8.26268,62.647,62.3882,62.062,61.3814,0.0,0.0,0.0,0.0,0.735,0.74125,0.75,0.77063,0.14
965415600,8.96173,8.05297,8.26268,8.33259,62.3882,62.062,61.3814,60.8245,0.0,0.0,0.0,0.0,0.74125,0.75,0.77063,0.7875,0.14
965416500,8.05297,8.26268,8.33259,8.26268,62.062,61.3814,60.8245,60.3914,0.0,0.0,0.0,0.0,0.75,0.77063,0.7875,0.80063,0.14
965417400,8.26268,8.33259,8.26268,8.05297,61.3814,60.8245,60.3914,60.082,0.0,0.0,0.0,0.0,0.77063,0.7875,0.80063,0.81,0.14
965418300,8.33259,8.26268,8.05297,7.28402,60.8245,60.3914,60.082,60.3689,0.0,0.0,0.0,0.0,0.7875,0.80063,0.81,0.80156,0.14
965419200,8.26268,8.05297,7.28402,6.65489,60.3914,60.082,60.3689,60.4645,0.0,0.0,0.0,0.0,0.80063,0.81,0.80156,0.79875,0.14
965420100,8.05297,7.28402,6.65489,6.16556,60.082,60.3689,60.4645,60.3689,0.0,0.0,0.0,0.0,0.81,0.80156,0.79875,0.80156,0.14
965421000,7.28402,6.65489,6.16556,5.81603,60.3689,60.4645,60.3689,60.082,0.0,0.0,0.0,0.0,0.80156,0.79875,0.80156,0.81,0.14
965421900,6.65489,6.16556,5.81603,6.36129,60.4645,60.3689,60.082,59.1314,0.0,0.0,0.0,0.0,0.79875,0.80156,0.81,0.83813,0.16
965422800,6.16556,5.81603,6.36129,6.54304,60.3689,60.082,59.1314,58.3045,0.0,0.0,0.0,0.0,0.80156,0.81,0.83813,0.8625,0.14
965423700,5.81603,6.36129,6.54304,6.36129,60.082,59.1314,58.3045,57.6014,0.0,0.0,0.0,0.0,0.81,0.83813,0.8625,0.88313,0.14
965424600,6.36129,6.54304,6.36129,5.81603,59.1314,58.3045,57.6014,57.022,0.0,0.0,0.0,0.0,0.83813,0.8625,0.88313,0.9,0.14
965425500,6.54304,6.36129,5.81603,3.06181,58.3045,57.6014,57.022,56.5495,0.0,0.0,0.0,0.0,0.8625,0.88313,0.9,0.90656,0.16
965426400,6.36129,5.81603,3.06181,1.17439,57.6014,57.022,56.5495,56.212,0.0,0.0,0.0,0.0,0.88313,0.9,0.90656,0.91375,0.3
965427300,5.81603,3.06181,1.17439,0.15379,57.022,56.5495,56.212,56.0095,0.0,0.0,0.0,0.0,0.9,0.90656,0.91375,0.92156,0.3
965428200,3.06181,1.17439,0.15379,0.0,56.5495,56.212,56.0095,55.942,0.0,0.0,0.0,0.27961,0.90656,0.91375,0.92156,0.93,0.3
965429100,1.17439,0.15379,0.0,2.97792,56.212,56.0095,55.942,56.1276,0.0,0.0,0.27961,0.69717,0.91375,0.92156,0.93,0.95031,0.3
965430000,0.15379,0.0,2.97792,5.31272,56.0095,55.942,56.1276,56.3695,0.0,0.27961,0.69717,1.39615,0.92156,0.93,0.95031,0.96375,0.3
965430900,0.0,2.97792,5.31272,7.00441,55.942,56.1276,56.3695,56.6676,0.27961,0.69717,1.39615,2.37654,0.93,0.95031,0.96375,0.97031,0.16
965431800,2.97792,5.31272,7.00441,8.05297,56.1276,56.3695,56.6676,57.022,0.69717,1.39615,2.37654,3.63836,0.95031,0.96375,0.97031,0.97,0.14
965432700,5.31272,7.00441,8.05297,6.96945,56.3695,56.6676,57.022,57.1457,1.39615,2.37654,3.63836,4.33084,0.96375,0.97031,0.97,0.95906,0.14
965433600,7.00441,8.05297,6.96945,6.23546,56.6676,57.022,57.1457,57.517,2.37654,3.63836,4.33084,5.87192,0.97031,0.97,0.95906,0.94375,0.14
965434500,8.05297,6.96945,6.23546,5.85099,57.022,57.1457,57.517,58.1357,3.63836,4.33084,5.87192,8.26158,0.97,0.95906,0.94375,0.92406,0.14
965435400,6.96945,6.23546,5.85099,5.81603,57.1457,57.517,58.1357,59.002,4.33084,5.87192,8.26158,11.4998,0.95906,0.94375,0.92406,0.9,0.14
965436300,6.23546,5.85099,5.81603,7.28402,57.517,58.1357,59.002,60.8582,5.87192,8.26158,11.4998,17.3405,0.94375,0.92406,0.9,0.8575,0.14
965437200,5.85099,5.81603,7.28402,8.33259,58.1357,59.002,60.8582,62.467,8.26158,11.4998,17.3405,22.8605,0.92406,0.9,0.8575,0.82,0.14
965438100,5.81603,7.28402,8.33259,8.96173,59.002,60.8582,62.467,63.8282,11.4998,17.3405,22.8605,28.06,0.9,0.8575,0.82,0.7875,0.12
965439000,7.28402,8.33259,8.96173,9.17144,60.8582,62.467,63.8282,64.942,17.3405,22.8605,28.06,32.9388,0.8575,0.82,0.7875,0.76,0.12
965439900,8.33259,8.96173,9.17144,7.70345,62.467,63.8282,64.942,65.5214,22.8605,28.06,32.9388,37.2221,0.82,0.7875,0.76,0.74125,0.12
965440800,8.96173,9.17144,7.70345,6.65489,63.8282,64.942,65.5214,66.0445,28.06,32.9388,37.2221,41.3681,0.7875,0.76,0.74125,0.725,0.12
965441700,9.17144,7.70345,6.65489,6.02575,64.942,65.5214,66.0445,66.5114,32.9388,37.2221,41.3681,45.3768,0.76,0.74125,0.725,0.71125,0.12
965442600,7.70345,6.65489,6.02575,5.81603,65.5214,66.0445,66.5114,66.922,37.2221,41.3681,45.3768,49.2481,0.74125,0.725,0.71125,0.7,0.12
965443500,6.65489,6.02575,5.81603,6.96945,66.0445,66.5114,66.922,67.1076,41.3681,45.3768,49.2481,53.0986,0.725,0.71125,0.7,0.69688,0.12
965444400,6.02575,5.81603,6.96945,7.91316,66.5114,66.922,67.1076,67.3495,45.3768,49.2481,53.0986,56.7342,0.71125,0.7,0.69688,0.6925,0.12
965445300,5.81603,6.96945,7.91316,8.64716,66.922,67.1076,67.3495,67.6476,49.2481,53.0986,56.7342,60.1549,0.7,0.69688,0.6925,0.68688,0.12
965446200,6.96945,7.91316,8.64716,9.17144,67.1076,67.3495,67.6476,68.002,53.0986,56.7342,60.1549,63.3607,0.69688,0.6925,0.68688,0.68,0.12
965447100,7.91316,8.64716,9.17144,9.2763,67.3495,67.6476,68.002,68.3114,56.7342,60.1549,63.3607,66.2901,0.6925,0.68688,0.68,0.67375,0.12
965448000,8.64716,9.17144,9.2763,9.31125,67.6476,68.002,68.3114,68.7445,60.1549,63.3607,66.2901,69.0456,0.68688,0.68,0.67375,0.665,0.12
965448900,9.17144,9.2763,9.31125,9.2763,68.002,68.3114,68.7445,69.3014,63.3607,66.2901,69.0456,71.6272,0.68,0.67375,0.665,0.65375,0.12
965449800,9.2763,9.31125,9.2763,9.17144,68.3114,68.7445,69.3014,69.982,66.2901,69.0456,71.6272,74.0349,0.67375,0.665,0.65375,0.64,0.12
965450700,9.31125,9.2763,9.17144,8.68211,68.7445,69.3014,69.982,71.242,69.0456,71.6272,74.0349,76.8766,0.665,0.65375,0.64,0.61438,0.12
965451600,9.2763,9.17144,8.68211,8.33259,69.3014,69.982,71.242,72.322,71.6272,74.0349,76.8766,79.1391,0.65375,0.64,0.61438,0.5925,0.12
965452500,9.17144,8.68211,8.33259,8.12287,69.982,71.242,72.322,73.222,74.0349,76.8766,79.1391,80.8225,0.64,0.61438,0.5925,0.57438,0.12
965453400,8.68211,8.33259,8.12287,8.05297,71.242,72.322,73.222,73.942,76.8766,79.1391,80.8225,81.9268,0.61438,0.5925,0.57438,0.56,0.12
965454300,8.33259,8.12287,8.05297,8.5423,72.322,73.222,73.942,74.0264,79.1391,80.8225,81.9268,81.8707,0.5925,0.57438,0.56,0.55688,0.12
965455200,8.12287,8.05297,8.5423,8.89182,73.222,73.942,74.0264,74.2345,80.8225,81.9268,81.8707,81.6229,0.57438,0.56,0.55688,0.5525,0.12
965456100,8.05297,8.5423,8.89182,9.10153,73.942,74.0264,74.2345,74.5664,81.9268,81.8707,81.6229,81.1836,0.56,0.55688,0.5525,0.54688,0.12
965457000,8.5423,8.89182,9.10153,9.17144,74.0264,74.2345,74.5664,75.022,81.8707,81.6229,81.1836,80.5526,0.55688,0.5525,0.54688,0.54,0.12
965457900,8.89182,9.10153,9.17144,8.57725,74.2345,74.5664,75.022,75.8039,81.6229,81.1836,80.5526,79.8844,0.5525,0.54688,0.54,0.53188,0.12
965458800,9.10153,9.17144,8.57725,8.19278,74.5664,75.022,75.8039,76.5745,81.1836,80.5526,79.8844,78.9218,0.54688,0.54,0.53188,0.5225,0.12
965459700,9.17144,8.57725,8.19278,8.01802,75.022,75.8039,76.5745,77.3339,80.5526,79.8844,78.9218,77.6646,0.54,0.53188,0.5225,0.51188,0.12
965460600,8.57725,8.19278,8.01802,8.05297,75.8039,76.5745,77.3339,78.082,79.8844,78.9218,77.6646,76.113,0.53188,0.5225,0.51188,0.5,0.12
965461500,8.19278,8.01802,8.05297,8.92677,76.5745,77.3339,78.082,78.9707,78.9218,77.6646,76.113,74.4108,0.5225,0.51188,0.5,0.48594,0.12
965462400,8.01802,8.05297,8.92677,9.59086,77.3339,78.082,78.9707,79.747,77.6646,76.113,74.4108,72.3182,0.51188,0.5,0.48594,0.47125,0.12
965463300,8.05297,8.92677,9.59086,10.0452,78.082,78.9707,79.747,80.4107,76.113,74.4108,72.3182,69.8352,0.5,0.48594,0.47125,0.45594,0.12
965464200,8.92677,9.59086,10.0452,10.2899,78.9707,79.747,80.4107,80.962,74.4108,72.3182,69.8352,66.9617,0.48594,0.47125,0.45594,0.44,0.12
965465100,9.59086,10.0452,10.2899,9.90543,79.747,80.4107,80.962,81.4345,72.3182,69.8352,66.9617,63.1593,0.47125,0.45594,0.44,0.41219,0.12
965466000,10.0452,10.2899,9.90543,9.59086,80.4107,80.962,81.4345,81.772,69.8352,66.9617,63.1593,59.3254,0.45594,0.44,0.41219,0.39125,0.12
965466900,10.2899,9.90543,9.59086,9.3462,80.962,81.4345,81.772,81.9745,66.9617,63.1593,59.3254,55.4602,0.44,0.41219,0.39125,0.37719,0.12
965467800,9.90543,9.59086,9.3462,9.17144,81.4345,81.772,81.9745,82.042,63.1593,59.3254,55.4602,51.5636,0.41219,0.39125,0.37719,0.37,0.12
965468700,9.59086,9.3462,9.17144,9.06658,81.772,81.9745,82.042,81.8564,59.3254,55.4602,51.5636,47.6199,0.39125,0.37719,0.37,0.38094,0.12
965469600,9.3462,9.17144,9.06658,9.03163,81.9745,82.042,81.8564,81.6145,55.4602,51.5636,47.6199,43.6553,0.37719,0.37,0.38094,0.39125,0.12
965470500,9.17144,9.06658,9.03163,9.06658,82.042,81.8564,81.6145,81.3164,51.5636,47.6199,43.6553,39.6699,0.37,0.38094,0.39125,0.40094,0.12
965471400,9.06658,9.03163,9.06658,9.17144,81.8564,81.6145,81.3164,80.962,47.6199,43.6553,39.6699,35.6636,0.38094,0.39125,0.40094,0.41,0.12
965472300,9.03163,9.06658,9.17144,9.55591,81.6145,81.3164,80.962,80.6526,43.6553,39.6699,35.6636,31.3531,0.39125,0.40094,0.41,0.41469,0.12
965473200,9.06658,9.17144,9.55591,9.87048,81.3164,80.962,80.6526,80.2195,39.6699,35.6636,31.3531,27.2106,0.40094,0.41,0.41469,0.42125,0.12
965474100,9.17144,9.55591,9.87048,10.1151,80.962,80.6526,80.2195,79.6626,35.6636,31.3531,27.2106,23.2362,0.41,0.41469,0.42125,0.42969,0.12
965475000,9.55591,9.87048,10.1151,10.2899,80.6526,80.2195,79.6626,78.982,31.3531,27.2106,23.2362,19.4298,0.41469,0.42125,0.42969,0.44,0.1398
965475900,9.87048,10.1151,10.2899,10.1641,80.2195,79.6626,78.982,78.1776,27.2106,23.2362,19.4298,15.2554,0.42125,0.42969,0.44,0.45219,0.1399
965476800,10.1151,10.2899,10.1641,10.1221,79.6626,78.982,78.1776,77.2495,23.2362,19.4298,15.2554,11.6064,0.42969,0.44,0.45219,0.46625,0.12
965477700,10.2899,10.1641,10.1221,10.1641,78.982,78.1776,77.2495,76.1976,19.4298,15.2554,11.6064,8.48262,0.44,0.45219,0.46625,0.48219,0.14
965478600,10.1641,10.1221,10.1641,10.2899,78.1776,77.2495,76.1976,75.022,15.2554,11.6064,8.48262,5.88415,0.45219,0.46625,0.48219,0.5,0.1399
965479500,10.1221,10.1641,10.2899,10.6464,77.2495,76.1976,75.022,72.9801,11.6064,8.48262,5.88415,4.18664,0.46625,0.48219,0.5,0.53281,0.14
965480400,10.1641,10.2899,10.6464,10.9889,76.1976,75.022,72.9801,71.3095,8.48262,5.88415,4.18664,2.76398,0.48219,0.5,0.53281,0.55875,0.14
965481300,10.2899,10.6464,10.9889,11.3175,75.022,72.9801,71.3095,70.0101,5.88415,4.18664,2.76398,1.61617,0.5,0.53281,0.55875,0.57781,0.14
965482200,10.6464,10.9889,11.3175,11.6321,72.9801,71.3095,70.0101,69.082,4.18664,2.76398,1.61617,0.74322,0.53281,0.55875,0.57781,0.59,0.14
965483100,10.9889,11.3175,11.6321,11.702,71.3095,70.0101,69.082,69.2845,2.76398,1.61617,0.74322,0.48774,0.55875,0.57781,0.59,0.58125,0.1402
965484000,11.3175,11.6321,11.702,11.9117,70.0101,69.082,69.2845,69.352,1.61617,0.74322,0.48774,0.27871,0.57781,0.59,0.58125,0.575,0.1402
965484900,11.6321,11.702,11.9117,12.2612,69.082,69.2845,69.352,69.2845,0.74322,0.48774,0.27871,0.11613,0.59,0.58125,0.575,0.57125,0.1402
965485800,11.702,11.9117,12.2612,12.7505,69.2845,69.352,69.2845,69.082,0.48774,0.27871,0.11613,0.0,0.58125,0.575,0.57125,0.57,0.1402
965486700,11.9117,12.2612,12.7505,14.2185,69.352,69.2845,69.082,68.5251,0.27871,0.11613,0.0,0.0,0.575,0.57125,0.57,0.57313,0.1402
965487600,12.2612,12.7505,14.2185,15.2671,69.2845,69.082,68.5251,67.9795,0.11613,0.0,0.0,0.0,0.57125,0.57,0.57313,0.5775,0.1402
965488500,12.7505,14.2185,15.2671,15.8962,69.082,68.5251,67.9795,67.4451,0.0,0.0,0.0,0.0,0.57,0.57313,0.5775,0.58313,0.14
965489400,14.2185,15.2671,15.8962,16.1059,68.5251,67.9795,67.4451,66.922,0.0,0.0,0.0,0.0,0.57313,0.5775,0.58313,0.59,0.14
965490300,15.2671,15.8962,16.1059,15.1832,67.9795,67.4451,66.922,66.427,0.0,0.0,0.0,0.0,0.5775,0.58313,0.59,0.59906,0.14
965491200,15.8962,16.1059,15.1832,14.3164,67.4451,66.922,66.427,65.932,0.0,0.0,0.0,0.0,0.58313,0.59,0.59906,0.60875,0.14
965492100,16.1059,15.1832,14.3164,13.5055,66.922,66.427,65.932,65.437,0.0,0.0,0.0,0.0,0.59,0.59906,0.60875,0.61906,0.14
965493000,15.1832,14.3164,13.5055,12.7505,66.427,65.932,65.437,64.942,0.0,0.0,0.0,0.0,0.59906,0.60875,0.61906,0.63,0.14
965493900,14.3164,13.5055,12.7505,11.7789,65.932,65.437,64.942,64.3457,0.0,0.0,0.0,0.0,0.60875,0.61906,0.63,0.64813,0.14
965494800,13.5055,12.7505,11.7789,11.0449,65.437,64.942,64.3457,63.817,0.0,0.0,0.0,0.0,0.61906,0.63,0.64813,0.6625,0.14
965495700,12.7505,11.7789,11.0449,10.5486,64.942,64.3457,63.817,63.3557,0.0,0.0,0.0,0.0,0.63,0.64813,0.6625,0.67313,0.14
965496600,11.7789,11.0449,10.5486,10.2899,64.3457,63.817,63.3557,62.962,0.0,0.0,0.0,0.0,0.64813,0.6625,0.67313,0.68,0.14
965497500,11.0449,10.5486,10.2899,10.7513,63.817,63.3557,62.962,62.7539,0.0,0.0,0.0,0.0,0.6625,0.67313,0.68,0.67375,0.14
965498400,10.5486,10.2899,10.7513,11.1288,63.3557,62.962,62.7539,62.5345,0.0,0.0,0.0,0.0,0.67313,0.68,0.67375,0.67,0.14
965499300,10.2899,10.7513,11.1288,11.4224,62.962,62.7539,62.5345,62.3039,0.0,0.0,0.0,0.0,0.68,0.67375,0.67,0.66875,0.14
965500200,10.7513,11.1288,11.4224,11.6321,62.7539,62.5345,62.3039,62.062,0.0,0.0,0.0,0.0,0.67375,0.67,0.66875,0.67,0.14
965501100,11.1288,11.4224,11.6321,11.5272,62.5345,62.3039,62.062,61.6907,0.0,0.0,0.0,0.0,0.67,0.66875,0.67,0.68031,0.14
965502000,11.4224,11.6321,11.5272,11.4923,62.3039,62.062,61.6907,61.387,0.0,0.0,0.0,0.0,0.66875,0.67,0.68031,0.68875,0.14
965502900,11.6321,11.5272,11.4923,11.5272,62.062,61.6907,61.387,61.1507,0.0,0.0,0.0,0.0,0.67,0.68031,0.68875,0.69531,0.14
965503800,11.5272,11.4923,11.5272,11.6321,61.6907,61.387,61.1507,60.982,0.0,0.0,0.0,0.0,0.68031,0.68875,0.69531,0.7,0.14
965504700,11.4923,11.5272,11.6321,12.0165,61.387,61.1507,60.982,60.982,0.0,0.0,0.0,0.0,0.68875,0.69531,0.7,0.70281,0.14
965505600,11.5272,11.6321,12.0165,12.3311,61.1507,60.982,60.982,60.982,0.0,0.0,0.0,0.0,0.69531,0.7,0.70281,0.70375,0.14
965506500,11.6321,12.0165,12.3311,12.5758,60.982,60.982,60.982,60.982,0.0,0.0,0.0,0.0,0.7,0.70281,0.70375,0.70281,0.14
965507400,12.0165,12.3311,12.5758,12.7505,60.982,60.982,60.982,60.982,0.0,0.0,0.0,0.0,0.70281,0.70375,0.70281,0.7,0.14
965508300,12.3311,12.5758,12.7505,13.2958,60.982,60.982,60.982,61.0664,0.0,0.0,0.0,0.0,0.70375,0.70281,0.7,0.68688,0.14
965509200,12.5758,12.7505,13.2958,13.4775,60.982,60.982,61.0664,61.0945,0.0,0.0,0.0,0.0,0.70281,0.7,0.68688,0.6775,0.14
965510100,12.7505,13.2958,13.4775,13.2958,60.982,61.0664,61.0945,61.0664,0.0,0.0,0.0,0.0,0.7,0.68688,0.6775,0.67188,0.14
965511000,13.2958,13.4775,13.2958,12.7505,61.0664,61.0945,61.0664,60.982,0.0,0.0,0.0,0.0,0.68688,0.6775,0.67188,0.67,0.14
965511900,13.4775,13.2958,12.7505,10.7513,61.0945,61.0664,60.982,60.487,0.0,0.0,0.0,0.0,0.6775,0.67188,0.67,0.68313,0.14
965512800,13.2958,12.7505,10.7513,9.11552,61.0664,60.982,60.487,60.172,0.0,0.0,0.0,0.0,0.67188,0.67,0.68313,0.6925,0.14
965513700,12.7505,10.7513,9.11552,7.84326,60.982,60.487,60.172,60.037,0.0,0.0,0.0,0.0,0.67,0.68313,0.6925,0.69813,0.14
965514600,10.7513,9.11552,7.84326,6.9345,60.487,60.172,60.037,60.082,0.0,0.0,0.0,0.27894,0.68313,0.6925,0.69813,0.7,0.14
965515500,9.11552,7.84326,6.9345,6.72479,60.172,60.037,60.082,60.4926,0.0,0.0,0.27894,1.2301,0.6925,0.69813,0.7,0.69531,0.14
965516400,7.84326,6.9345,6.72479,6.65489,60.037,60.082,60.4926,60.9595,0.0,0.27894,1.2301,2.57412,0.69813,0.7,0.69531,0.68875,0.14
965517300,6.9345,6.72479,6.65489,6.72479,60.082,60.4926,60.9595,61.4826,0.27894,1.2301,2.57412,4.311,0.7,0.69531,0.68875,0.68031,0.14
965518200,6.72479,6.65489,6.72479,6.9345,60.4926,60.9595,61.4826,62.062,1.2301,2.57412,4.311,6.44076,0.69531,0.68875,0.68031,0.67,0.14
965519100,6.65489,6.72479,6.9345,7.70345,60.9595,61.4826,62.062,62.8664,2.57412,4.311,6.44076,9.64495,0.68875,0.68031,0.67,0.65313,0.14
965520000,6.72479,6.9345,7.70345,8.33259,61.4826,62.062,62.8664,63.6145,4.311,6.44076,9.64495,12.7876,0.68031,0.67,0.65313,0.6375,0.14
965520900,6.9345,7.70345,8.33259,8.82192,62.062,62.8664,63.6145,64.3064,6.44076,9.64495,12.7876,15.8688,0.67,0.65313,0.6375,0.62313,0.12
965521800,7.70345,8.33259,8.82192,9.17144,62.8664,63.6145,64.3064,64.942,9.64495,12.7876,15.8688,18.8884,0.65313,0.6375,0.62313,0.61,0.12
965522700,8.33259,8.82192,9.17144,8.8359,63.6145,64.3064,64.942,65.2345,12.7876,15.8688,18.8884,21.2661,0.6375,0.62313,0.61,0.60188,0.12
965523600,8.82192,9.17144,8.8359,8.72405,64.3064,64.942,65.2345,65.662,15.8688,18.8884,21.2661,23.9692,0.62313,0.61,0.60188,0.5925,0.12
965524500,9.17144,8.8359,8.72405,8.8359,64.942,65.2345,65.662,66.2245,18.8884,21.2661,23.9692,26.9978,0.61,0.60188,0.5925,0.58188,0.12
965525400,8.8359,8.72405,8.8359,9.17144,65.2345,65.662,66.2245,66.922,21.2661,23.9692,26.9978,30.352,0.60188,0.5925,0.58188,0.57,0.12
965526300,8.72405,8.8359,9.17144,10.6324,65.662,66.2245,66.922,68.0751,23.9692,26.9978,30.352,34.563,0.5925,0.58188,0.57,0.55219,0.1212
965527200,8.8359,9.17144,10.6324,11.716,66.2245,66.922,68.0751,69.1495,26.9978,30.352,34.563,38.7453,0.58188,0.57,0.55219,0.53625,0.1226
965528100,9.17144,10.6324,11.716,12.422,66.922,68.0751,69.1495,70.1451,30.352,34.563,38.7453,42.8989,0.57,0.55219,0.53625,0.52219,0.1214
965529000,10.6324,11.716,12.422,12.7505,68.0751,69.1495,70.1451,71.062,34.563,38.7453,42.8989,47.0236,0.55219,0.53625,0.52219,0.51,0.12
965529900,11.716,12.422,12.7505,12.0096,69.1495,70.1451,71.062,71.9507,38.7453,42.8989,47.0236,51.6486,0.53625,0.52219,0.51,0.49969,0.122
965530800,12.422,12.7505,12.0096,11.3525,70.1451,71.062,71.9507,72.727,42.8989,47.0236,51.6486,55.8922,0.52219,0.51,0.49969,0.49125,0.12
965531700,12.7505,12.0096,11.3525,10.7792,71.062,71.9507,72.727,73.3907,47.0236,51.6486,55.8922,59.7542,0.51,0.49969,0.49125,0.48469,0.12
965532600,12.0096,11.3525,10.7792,10.2899,71.9507,72.727,73.3907,73.942,51.6486,55.8922,59.7542,63.2348,0.49969,0.49125,0.48469,0.48,0.12
965533500,11.3525,10.7792,10.2899,9.67475,72.727,73.3907,73.942,74.1276,55.8922,59.7542,63.2348,66.0051,0.49125,0.48469,0.48,0.48094,0.12
965534400,10.7792,10.2899,9.67475,9.28329,73.3907,73.942,74.1276,74.3695,59.7542,63.2348,66.0051,68.613,0.48469,0.48,0.48094,0.48125,0.12
965535300,10.2899,9.67475,9.28329,9.11552,73.942,74.1276,74.3695,74.6676,63.2348,66.0051,68.613,71.0586,0.48,0.48094,0.48125,0.48094,0.12
965536200,9.67475,9.28329,9.11552,9.17144,74.1276,74.3695,74.6676,75.022,66.0051,68.613,71.0586,73.3419,0.48094,0.48125,0.48094,0.48,0.12
965537100,9.28329,9.11552,9.17144,9.91242,74.3695,74.6676,75.022,75.517,68.613,71.0586,73.3419,76.0418,0.48125,0.48094,0.48,0.48125,0.12
965538000,9.11552,9.17144,9.91242,10.5695,74.6676,75.022,75.517,76.012,71.0586,73.3419,76.0418,78.1934,0.48094,0.48,0.48125,0.48,0.12
965538900,9.17144,9.91242,10.5695,11.1427,75.022,75.517,76.012,76.507,73.3419,76.0418,78.1934,79.7968,0.48,0.48125,0.48,0.47625,0.12
965539800,9.91242,10.5695,11.1427,11.6321,75.517,76.012,76.507,77.002,76.0418,78.1934,79.7968,80.8518,0.48125,0.48,0.47625,0.47,0.12
965540700,10.5695,11.1427,11.6321,12.0165,76.012,76.507,77.002,77.3957,78.1934,79.7968,80.8518,80.8859,0.48,0.47625,0.47,0.45375,0.12
965541600,11.1427,11.6321,12.0165,12.3311,76.507,77.002,77.3957,77.857,79.7968,80.8518,80.8859,80.6869,0.47625,0.47,0.45375,0.44,0.12
965542500,11.6321,12.0165,12.3311,12.5758,77.002,77.3957,77.857,78.3857,80.8518,80.8859,80.6869,80.2547,0.47,0.45375,0.44,0.42875,0.12
965543400,12.0165,12.3311,12.5758,12.7505,77.3957,77.857,78.3857,78.982,80.8859,80.6869,80.2547,79.5894,0.45375,0.44,0.42875,0.42,0.12
965544300,12.3311,12.5758,12.7505,12.8554,77.857,78.3857,78.982,79.8482,80.6869,80.2547,79.5894,78.7565,0.44,0.42875,0.42,0.4175,0.12
965545200,12.5758,12.7505,12.8554,12.8903,78.3857,78.982,79.8482,80.647,80.2547,79.5894,78.7565,77.6468,0.42875,0.42,0.4175,0.415,0.12
965546100,12.7505,12.8554,12.8903,12.8554,78.982,79.8482,80.647,81.3782,79.5894,78.7565,77.6468,76.2602,0.42,0.4175,0.415,0.4125,0.12
965547000,12.8554,12.8903,12.8554,12.7505,79.8482,80.647,81.3782,82.042,78.7565,77.6468,76.2602,74.5966,0.4175,0.415,0.4125,0.41,0.12
965547900,12.8903,12.8554,12.7505,12.3661,80.647,81.3782,82.042,82.8239,77.6468,76.2602,74.5966,72.7669,0.415,0.4125,0.41,0.40563,0.12
965548800,12.8554,12.7505,12.3661,12.0515,81.3782,82.042,82.8239,83.4145,76.2602,74.5966,72.7669,70.5864,0.4125,0.41,0.40563,0.4025,0.12
965549700,12.7505,12.3661,12.0515,11.8068,82.042,82.8239,83.4145,83.8139,74.5966,72.7669,70.5864,68.0553,0.41,0.40563,0.4025,0.40063,0.12
965550600,12.3661,12.0515,11.8068,11.6321,82.8239,83.4145,83.8139,84.022,72.7669,70.5864,68.0553,65.1735,0.40563,0.4025,0.40063,0.4,0.12
965551500,12.0515,11.8068,11.6321,11.7579,83.4145,83.8139,84.022,83.7351,70.5864,68.0553,65.1735,61.4965,0.4025,0.40063,0.4,0.40156,0.12
965552400,11.8068,11.6321,11.7579,11.7998,83.8139,84.022,83.7351,83.4595,68.0553,65.1735,61.4965,57.7652,0.40063,0.4,0.40156,0.40375,0.12
965553300,11.6321,11.7579,11.7998,11.7579,84.022,83.7351,83.4595,83.1951,65.1735,61.4965,57.7652,53.9793,0.4,0.40156,0.40375,0.40656,0.12
965554200,11.7579,11.7998,11.7579,11.6321,83.7351,83.4595,83.1951,82.942,61.4965,57.7652,53.9793,50.1391,0.40156,0.40375,0.40656,0.41,0.12
965555100,11.7998,11.7579,11.6321,11.0449,83.4595,83.1951,82.942,82.8182,57.7652,53.9793,50.1391,46.1578,0.40375,0.40656,0.41,0.415,0.12
965556000,11.7579,11.6321,11.0449,10.6254,83.1951,82.942,82.8182,82.627,53.9793,50.1391,46.1578,42.1797,0.40656,0.41,0.415,0.42,0.12
965556900,11.6321,11.0449,10.6254,10.3738,82.942,82.8182,82.627,82.3682,50.1391,46.1578,42.1797,38.2049,0.41,0.415,0.42,0.425,0.12
965557800,11.0449,10.6254,10.3738,10.2899,82.8182,82.627,82.3682,82.042,46.1578,42.1797,38.2049,34.2334,0.415,0.42,0.425,0.43,0.12
965558700,10.6254,10.3738,10.2899,10.7513,82.627,82.3682,82.042,81.547,42.1797,38.2049,34.2334,29.9381,0.42,0.425,0.43,0.43688,0.1283
965559600,10.3738,10.2899,10.7513,11.1288,82.3682,82.042,81.547,81.052,38.2049,34.2334,29.9381,25.8641,0.425,0.43,0.43688,0.4425,0.1278
965560500,10.2899,10.7513,11.1288,11.4224,82.042,81.547,81.052,80.557,34.2334,29.9381,25.8641,22.0114,0.43,0.43688,0.4425,0.44688,0.12
965561400,10.7513,11.1288,11.4224,11.6321,81.547,81.052,80.557,80.062,29.9381,25.8641,22.0114,18.3801,0.43688,0.4425,0.44688,0.45,0.1282
965562300,11.1288,11.4224,11.6321,11.6321,81.052,80.557,80.062,79.6682,25.8641,22.0114,18.3801,14.6383,0.4425,0.44688,0.45,0.44531,0.1305
965563200,11.4224,11.6321,11.6321,11.6321,80.557,80.062,79.6682,79.207,22.0114,18.3801,14.6383,11.339,0.44688,0.45,0.44531,0.44375,0.1304
965564100,11.6321,11.6321,11.6321,11.6321,80.062,79.6682,79.207,78.6782,18.3801,14.6383,11.339,8.48221,0.45,0.44531,0.44375,0.44531,0.1306
965565000,11.6321,11.6321,11.6321,11.6321,79.6682,79.207,78.6782,78.082,14.6383,11.339,8.48221,6.06796,0.44531,0.44375,0.44531,0.45,0.1305
965565900,11.6321,11.6321,11.6321,11.6321,79.207,78.6782,78.082,77.2157,11.339,8.48221,6.06796,4.34791,0.44375,0.44531,0.45,0.46719,0.1304
965566800,11.6321,11.6321,11.6321,11.6321,78.6782,78.082,77.2157,76.417,8.48221,6.06796,4.34791,2.90258,0.44531,0.45,0.46719,0.48125,0.1303
965567700,11.6321,11.6321,11.6321,11.6321,78.082,77.2157,76.417,75.6857,6.06796,4.34791,2.90258,1.73199,0.45,0.46719,0.48125,0.49219,0.1315
965568600,11.6321,11.6321,11.6321,11.6321,77.2157,76.417,75.6857,75.022,4.34791,2.90258,1.73199,0.83613,0.46719,0.48125,0.49219,0.5,0.1346
965569500,11.6321,11.6321,11.6321,11.2126,76.417,75.6857,75.022,74.527,2.90258,1.73199,0.83613,0.54871,0.48125,0.49219,0.5,0.50094,0.1358
965570400,11.6321,11.6321,11.2126,11.0728,75.6857,75.022,74.527,74.032,1.73199,0.83613,0.54871,0.31355,0.49219,0.5,0.50094,0.50125,0.1366
965571300,11.6321,11.2126,11.0728,11.2126,75.022,74.527,74.032,73.537,0.83613,0.54871,0.31355,0.13065,0.5,0.50094,0.50125,0.50094,0.1378
965572200,11.2126,11.0728,11.2126,11.6321,74.527,74.032,73.537,73.042,0.54871,0.31355,0.13065,0.0,0.50094,0.50125,0.50094,0.5,0.1392
965573100,11.0728,11.2126,11.6321,13.7152,74.032,73.537,73.042,72.6482,0.31355,0.13065,0.0,0.0,0.50125,0.50094,0.5,0.49281,0.14
965574000,11.2126,11.6321,13.7152,15.1552,73.537,73.042,72.6482,72.187,0.13065,0.0,0.0,0.0,0.50094,0.5,0.49281,0.48875,0.14
965574900,11.6321,13.7152,15.1552,15.9522,73.042,72.6482,72.187,71.6582,0.0,0.0,0.0,0.0,0.5,0.49281,0.48875,0.48781,0.14
965575800,13.7152,15.1552,15.9522,16.1059,72.6482,72.187,71.6582,71.062,0.0,0.0,0.0,0.0,0.49281,0.48875,0.48781,0.49,0.14
965576700,15.1552,15.9522,16.1059,14.1067,72.187,71.6582,71.062,70.1114,0.0,0.0,0.0,0.0,0.48875,0.48781,0.49,0.50188,0.14
965577600,15.9522,16.1059,14.1067,12.4709,71.6582,71.062,70.1114,69.2845,0.0,0.0,0.0,0.0,0.48781,0.49,0.50188,0.5125,0.14
965578500,16.1059,14.1067,12.4709,11.1987,71.062,70.1114,69.2845,68.5814,0.0,0.0,0.0,0.0,0.49,0.50188,0.5125,0.52188,0.14
965579400,14.1067,12.4709,11.1987,10.2899,70.1114,69.2845,68.5814,68.002,0.0,0.0,0.0,0.0,0.50188,0.5125,0.52188,0.53,0.14
965580300,12.4709,11.1987,10.2899,10.0592,69.2845,68.5814,68.002,67.6307,0.0,0.0,0.0,0.0,0.5125,0.52188,0.53,0.53688,0.14
965581200,11.1987,10.2899,10.0592,9.98233,68.5814,68.002,67.6307,67.327,0.0,0.0,0.0,0.0,0.52188,0.53,0.53688,0.5425,0.14
965582100,10.2899,10.0592,9.98233,10.0592,68.002,67.6307,67.327,67.0907,0.0,0.0,0.0,0.0,0.53,0.53688,0.5425,0.54688,0.14
965583000,10.0592,9.98233,10.0592,10.2899,67.6307,67.327,67.0907,66.922,0.0,0.0,0.0,0.0,0.53688,0.5425,0.54688,0.55,0.14
965583900,9.98233,10.0592,10.2899,11.7859,67.327,67.0907,66.922,67.2932,0.0,0.0,0.0,0.0,0.5425,0.54688,0.55,0.5425,0.14
965584800,10.0592,10.2899,11.7859,12.6946,67.0907,66.922,67.2932,67.417,0.0,0.0,0.0,0.0,0.54688,0.55,0.5425,0.54,0.14
965585700,10.2899,11.7859,12.6946,13.0162,66.922,67.2932,67.417,67.2932,0.0,0.0,0.0,0.0,0.55,0.5425,0.54,0.5425,0.14
965586600,11.7859,12.6946,13.0162,12.7505,67.2932,67.417,67.2932,66.922,0.0,0.0,0.0,0.0,0.5425,0.54,0.5425,0.55,0.14
965587500,12.6946,13.0162,12.7505,9.94738,67.417,67.2932,66.922,65.3751,0.0,0.0,0.0,0.0,0.54,0.5425,0.55,0.58125,0.14
965588400,13.0162,12.7505,9.94738,7.85724,67.2932,66.922,65.3751,64.1995,0.0,0.0,0.0,0.0,0.5425,0.55,0.58125,0.605,0.14
965589300,12.7505,9.94738,7.85724,6.48012,66.922,65.3751,64.1995,63.3951,0.0,0.0,0.0,0.0,0.55,0.58125,0.605,0.62125,0.14
965590200,9.94738,7.85724,6.48012,5.81603,65.3751,64.1995,63.3951,62.962,0.0,0.0,0.0,0.0,0.58125,0.605,0.62125,0.63,0.14
965591100,7.85724,6.48012,5.81603,7.2281,64.1995,63.3951,62.962,64.0139,0.0,0.0,0.0,0.0,0.605,0.62125,0.63,0.61063,0.14
965592000,6.48012,5.81603,7.2281,8.44443,63.3951,62.962,64.0139,64.6945,0.0,0.0,0.0,0.0,0.62125,0.63,0.61063,0.5975,0.14
965592900,5.81603,7.2281,8.44443,9.46504,62.962,64.0139,64.6945,65.0039,0.0,0.0,0.0,0.0,0.63,0.61063,0.5975,0.59063,0.14
965593800,7.2281,8.44443,9.46504,10.2899,64.0139,64.6945,65.0039,64.942,0.0,0.0,0.0,0.0,0.61063,0.5975,0.59063,0.59,0.14
965594700,8.44443,9.46504,10.2899,11.0868,64.6945,65.0039,64.942,63.3951,0.0,0.0,0.0,0.0,0.5975,0.59063,0.59,0.6125,0.14
965595600,9.46504,10.2899,11.0868,11.5761,65.0039,64.942,63.3951,62.2195,0.0,0.0,0.0,0.0,0.59063,0.59,0.6125,0.63,0.14
965596500,10.2899,11.0868,11.5761,11.7579,64.942,63.3951,62.2195,61.4151,0.0,0.0,0.0,0.0,0.59,0.6125,0.63,0.6425,0.14
965597400,11.0868,11.5761,11.7579,11.6321,63.3951,62.2195,61.4151,60.982,0.0,0.0,0.0,0.0,0.6125,0.63,0.6425,0.65,0.14
965598300,11.5761,11.7579,11.6321,10.5066,62.2195,61.4151,60.982,61.6626,0.0,0.0,0.0,0.0,0.63,0.6425,0.65,0.64313,0.14
965599200,11.7579,11.6321,10.5066,9.53494,61.4151,60.982,61.6626,62.2195,0.0,0.0,0.0,0.0,0.6425,0.65,0.64313,0.6375,0.14
965600100,11.6321,10.5066,9.53494,8.71706,60.982,61.6626,62.2195,62.6526,0.0,0.0,0.0,0.0,0.65,0.64313,0.6375,0.63313,0.14
965601000,10.5066,9.53494,8.71706,8.05297,61.6626,62.2195,62.6526,62.962,0.0,0.0,0.0,0.0929,0.64313,0.6375,0.63313,0.63,0.14
965601900,9.53494,8.71706,8.05297,7.45878,62.2195,62.6526,62.962,62.6751,0.0,0.0,0.0929,0.84902,0.6375,0.63313,0.63,0.63563,0.14
965602800,8.71706,8.05297,7.45878,7.07431,62.6526,62.962,62.6751,62.5795,0.0,0.0929,0.84902,2.00243,0.63313,0.63,0.63563,0.6375,0.14
965603700,8.05297,7.45878,7.07431,6.89955,62.962,62.6751,62.5795,62.6751,0.0929,0.84902,2.00243,3.55313,0.63,0.63563,0.6375,0.63563,0.14
965604600,7.45878,7.07431,6.89955,6.9345,62.6751,62.5795,62.6751,62.962,0.84902,2.00243,3.55313,5.50113,0.63563,0.6375,0.63563,0.63,0.14
965605500,7.07431,6.89955,6.9345,7.80831,62.5795,62.6751,62.962,63.727,2.00243,3.55313,5.50113,8.09406,0.6375,0.63563,0.63,0.61313,0.14
965606400,6.89955,6.9345,7.80831,8.4724,62.6751,62.962,63.727,64.492,3.55313,5.50113,8.09406,10.9192,0.63563,0.63,0.61313,0.5975,0.14
965607300,6.9345,7.80831,8.4724,8.92677,62.962,63.727,64.492,65.257,5.50113,8.09406,10.9192,13.9765,0.63,0.61313,0.5975,0.58313,0.1324
965608200,7.80831,8.4724,8.92677,9.17144,63.727,64.492,65.257,66.022,8.09406,10.9192,13.9765,17.2661,0.61313,0.5975,0.58313,0.57,0.13
965609100,8.4724,8.92677,9.17144,8.89182,64.492,65.257,66.022,66.8882,10.9192,13.9765,17.2661,21.0277,0.5975,0.58313,0.57,0.56,0.128
965610000,8.92677,9.17144,8.89182,8.6122,65.257,66.022,66.8882,67.687,13.9765,17.2661,21.0277,24.8616,0.58313,0.57,0.56,0.55,0.1257
965610900,9.17144,8.89182,8.6122,8.33259,66.022,66.8882,67.687,68.4182,17.2661,21.0277,24.8616,28.7678,0.57,0.56,0.55,0.54,0.1261
965611800,8.89182,8.6122,8.33259,8.05297,66.8882,67.687,68.4182,69.082,21.0277,24.8616,28.7678,32.7463,0.56,0.55,0.54,0.53,0.1235
965612700,8.6122,8.33259,8.05297,7.2281,67.687,68.4182,69.082,69.4926,24.8616,28.7678,32.7463,37.3083,0.55,0.54,0.53,0.51906,0.1222
965613600,8.33259,8.05297,7.2281,6.76673,68.4182,69.082,69.4926,69.9595,28.7678,32.7463,37.3083,41.6017,0.54,0.53,0.51906,0.50875,0.122
965614500,8.05297,7.2281,6.76673,6.66887,69.082,69.4926,69.9595,70.4826,32.7463,37.3083,41.6017,45.6266,0.53,0.51906,0.50875,0.49906,0.12
965615400,7.2281,6.76673,6.66887,6.9345,69.4926,69.9595,70.4826,71.062,37.3083,41.6017,45.6266,49.383,0.51906,0.50875,0.49906,0.49,0.12
965616300,6.76673,6.66887,6.9345,8.77997,69.9595,70.4826,71.062,71.8664,41.6017,45.6266,49.383,52.7103,0.50875,0.49906,0.49,0.48063,0.12
965617200,6.66887,6.9345,8.77997,10.1781,70.4826,71.062,71.8664,72.6145,45.6266,49.383,52.7103,55.8761,0.49906,0.49,0.48063,0.4725,0.12
965618100,6.9345,8.77997,10.1781,11.1288,71.062,71.8664,72.6145,73.3064,49.383,52.7103,55.8761,58.8803,0.49,0.48063,0.4725,0.46563,0.12
965619000,8.77997,10.1781,11.1288,11.6321,71.8664,72.6145,73.3064,73.942,52.7103,55.8761,58.8803,61.7228,0.48063,0.4725,0.46563,0.46,0.12
965619900,10.1781,11.1288,11.6321,10.4507,72.6145,73.3064,73.942,74.4201,55.8761,58.8803,61.7228,64.2877,0.4725,0.46563,0.46,0.45938,0.12
965620800,11.1288,11.6321,10.4507,9.64679,73.3064,73.942,74.4201,74.9095,58.8803,61.7228,64.2877,66.7684,0.46563,0.46,0.45938,0.4575,0.12
965621700,11.6321,10.4507,9.64679,9.22037,73.942,74.4201,74.9095,75.4101,61.7228,64.2877,66.7684,69.1649,0.46,0.45938,0.4575,0.45438,0.12
965622600,10.4507,9.64679,9.22037,9.17144,74.4201,74.9095,75.4101,75.922,64.2877,66.7684,69.1649,71.4771,0.45938,0.4575,0.45438,0.45,0.12
965623500,9.64679,9.22037,9.17144,10.4018,74.9095,75.4101,75.922,76.5801,66.7684,69.1649,71.4771,74.4292,0.4575,0.45438,0.45,0.44063,0.12
965624400,9.22037,9.17144,10.4018,11.4084,75.4101,75.922,76.5801,77.1595,69.1649,71.4771,74.4292,76.8143,0.45438,0.45,0.44063,0.4325,0.12
965625300,9.17144,10.4018,11.4084,12.1913,75.922,76.5801,77.1595,77.6601,71.4771,74.4292,76.8143,78.6324,0.45,0.44063,0.4325,0.42563,0.12
965626200,10.4018,11.4084,12.1913,12.7505,76.5801,77.1595,77.6601,78.082,74.4292,76.8143,78.6324,79.8835,0.44063,0.4325,0.42563,0.42,0.12
965627100,11.4084,12.1913,12.7505,12.6457,77.1595,77.6601,78.082,78.2057,76.8143,78.6324,79.8835,80.1254,0.4325,0.42563,0.42,0.41844,0.12
965628000,12.1913,12.7505,12.6457,12.6107,77.6601,78.082,78.2057,78.397,78.6324,79.8835,80.1254,80.0951,0.42563,0.42,0.41844,0.41625,0.12
965628900,12.7505,12.6457,12.6107,12.6457,78.082,78.2057,78.397,78.6557,79.8835,80.1254,80.0951,79.7928,0.42,0.41844,0.41625,0.41344,0.12
965629800,12.6457,12.6107,12.6457,12.7505,78.2057,78.397,78.6557,78.982,80.1254,80.0951,79.7928,79.2183,0.41844,0.41625,0.41344,0.41,0.12
965630700,12.6107,12.6457,12.7505,13.4706,78.397,78.6557,78.982,79.477,80.0951,79.7928,79.2183,78.3461,0.41625,0.41344,0.41,0.40594,0.12
965631600,12.6457,12.7505,13.4706,13.897,78.6557,78.982,79.477,79.972,79.7928,79.2183,78.3461,77.2189,0.41344,0.41,0.40594,0.40125,0.12
965632500,12.7505,13.4706,13.897,14.0298,78.982,79.477,79.972,80.467,79.2183,78.3461,77.2189,75.8368,0.41,0.40594,0.40125,0.39594,0.12
965633400,13.4706,13.897,14.0298,13.869,79.477,79.972,80.467,80.962,78.3461,77.2189,75.8368,74.1997,0.40594,0.40125,0.39594,0.39,0.12
965634300,13.897,14.0298,13.869,12.408,79.972,80.467,80.962,81.6426,77.2189,75.8368,74.1997,72.5304,0.40125,0.39594,0.39,0.38531,0.12
965635200,14.0298,13.869,12.408,11.3245,80.467,80.962,81.6426,82.1995,75.8368,74.1997,72.5304,70.4576,0.39594,0.39,0.38531,0.37875,0.12
965636100,13.869,12.408,11.3245,10.6185,80.962,81.6426,82.1995,82.6326,74.1997,72.5304,70.4576,67.9814,0.39,0.38531,0.37875,0.37031,0.12
965637000,12.408,11.3245,10.6185,10.2899,81.6426,82.1995,82.6326,82.942,72.5304,70.4576,67.9814,65.1017,0.38531,0.37875,0.37031,0.36,0.12
965637900,11.3245,10.6185,10.2899,11.2406,82.1995,82.6326,82.942,82.942,70.4576,67.9814,65.1017,61.1602,0.37875,0.37031,0.36,0.34031,0.12
965638800,10.6185,10.2899,11.2406,11.9676,82.6326,82.942,82.942,82.942,67.9814,65.1017,61.1602,57.2542,0.37031,0.36,0.34031,0.32375,0.12
965639700,10.2899,11.2406,11.9676,12.4709,82.942,82.942,82.942,82.942,65.1017,61.1602,57.2542,53.3836,0.36,0.34031,0.32375,0.31031,0.12
965640600,11.2406,11.9676,12.4709,12.7505,82.942,82.942,82.942,82.942,61.1602,57.2542,53.3836,49.5484,0.34031,0.32375,0.31031,0.3,0.12
965641500,11.9676,12.4709,12.7505,11.9466,82.942,82.942,82.942,83.3132,57.2542,53.3836,49.5484,45.9088,0.32375,0.31031,0.3,0.29,0.12
965642400,12.4709,12.7505,11.9466,11.4923,82.942,82.942,83.3132,83.437,53.3836,49.5484,45.9088,42.1979,0.31031,0.3,0.29,0.285,0.12
965643300,12.7505,11.9466,11.4923,11.3874,82.942,83.3132,83.437,83.3132,49.5484,45.9088,42.1979,38.4157,0.3,0.29,0.285,0.285,0.1252
965644200,11.9466,11.4923,11.3874,11.6321,83.3132,83.437,83.3132,82.942,45.9088,42.1979,38.4157,34.562,0.29,0.285,0.285,0.29,0.1251
965645100,11.4923,11.3874,11.6321,13.8201,83.437,83.3132,82.942,81.8676,42.1979,38.4157,34.562,30.2461,0.285,0.285,0.29,0.31688,0.1304
965646000,11.3874,11.6321,13.8201,15.2951,83.3132,82.942,81.8676,80.8495,38.4157,34.562,30.2461,26.1194,0.285,0.29,0.31688,0.3375,0.1305
965646900,11.6321,13.8201,15.2951,16.057,82.942,81.8676,80.8495,79.8876,34.562,30.2461,26.1194,22.1819,0.29,0.31688,0.3375,0.35188,0.1305
965647800,13.8201,15.2951,16.057,16.1059,81.8676,80.8495,79.8876,78.982,30.2461,26.1194,22.1819,18.4336,0.31688,0.3375,0.35188,0.36,0.1306
965648700,15.2951,16.057,16.1059,13.3867,80.8495,79.8876,78.982,78.1157,26.1194,22.1819,18.4336,14.3601,0.3375,0.35188,0.36,0.34313,0.1306
965649600,16.057,16.1059,13.3867,11.3245,79.8876,78.982,78.1157,77.317,22.1819,18.4336,14.3601,10.8186,0.35188,0.36,0.34313,0.3325,0.1306
965650500,16.1059,13.3867,11.3245,9.91941,78.982,78.1157,77.317,76.5857,18.4336,14.3601,10.8186,7.80923,0.36,0.34313,0.3325,0.32813,0.1306
965651400,13.3867,11.3245,9.91941,9.17144,78.1157,77.317,76.5857,75.922,14.3601,10.8186,7.80923,5.33191,0.34313,0.3325,0.32813,0.33,0.1306
965652300,11.3245,9.91941,9.17144,10.5066,77.317,76.5857,75.922,75.3257,10.8186,7.80923,5.33191,3.82423,0.3325,0.32813,0.33,0.34938,0.1306
965653200,9.91941,9.17144,10.5066,11.5482,76.5857,75.922,75.3257,74.797,7.80923,5.33191,3.82423,2.55688,0.32813,0.33,0.34938,0.3675,0.1306
965654100,9.17144,10.5066,11.5482,12.2962,75.922,75.3257,74.797,74.3357,5.33191,3.82423,2.55688,1.52988,0.33,0.34938,0.3675,0.38438,0.1319
965655000,10.5066,11.5482,12.2962,12.7505,75.3257,74.797,74.3357,73.942,3.82423,2.55688,1.52988,0.74322,0.34938,0.3675,0.38438,0.4,0.1348
965655900,11.5482,12.2962,12.7505,12.0515,74.797,74.3357,73.942,73.9195,2.55688,1.52988,0.74322,0.48774,0.3675,0.38438,0.4,0.41531,0.1359
965656800,12.2962,12.7505,12.0515,11.6321,74.3357,73.942,73.9195,73.762,1.52988,0.74322,0.48774,0.27871,0.38438,0.4,0.41531,0.42875,0.1371
965657700,12.7505,12.0515,11.6321,11.4923,73.942,73.9195,73.762,73.4695,0.74322,0.48774,0.27871,0.11613,0.4,0.41531,0.42875,0.44031,0.1383
965658600,12.0515,11.6321,11.4923,11.6321,73.9195,73.762,73.4695,73.042,0.48774,0.27871,0.11613,0.0,0.41531,0.42875,0.44031,0.45,0.14
965659500,11.6321,11.4923,11.6321,13.1001,73.762,73.4695,73.042,72.1757,0.27871,0.11613,0.0,0.0,0.42875,0.44031,0.45,0.455,0.14
965660400,11.4923,11.6321,13.1001,14.1486,73.4695,73.042,72.1757,71.377,0.11613,0.0,0.0,0.0,0.44031,0.45,0.455,0.46,0.14
965661300,11.6321,13.1001,14.1486,14.7778,73.042,72.1757,71.377,70.6457,0.0,0.0,0.0,0.0,0.45,0.455,0.46,0.465,0.14
965662200,13.1001,14.1486,14.7778,14.9875,72.1757,71.377,70.6457,69.982,0.0,0.0,0.0,0.0,0.455,0.46,0.465,0.47,0.14
965663100,14.1486,14.7778,14.9875,14.1696,71.377,70.6457,69.982,69.5882,0.0,0.0,0.0,0.0,0.46,0.465,0.47,0.47406,0.14
965664000,14.7778,14.9875,14.1696,13.3377,70.6457,69.982,69.5882,69.127,0.0,0.0,0.0,0.0,0.465,0.47,0.47406,0.47875,0.14
965664900,14.9875,14.1696,13.3377,12.4919,69.982,69.5882,69.127,68.5982,0.0,0.0,0.0,0.0,0.47,0.47406,0.47875,0.48406,0.14
965665800,14.1696,13.3377,12.4919,11.6321,69.5882,69.127,68.5982,68.002,0.0,0.0,0.0,0.0,0.47406,0.47875,0.48406,0.49,0.14
965666700,13.3377,12.4919,11.6321,10.5066,69.127,68.5982,68.002,66.8489,0.0,0.0,0.0,0.0,0.47875,0.48406,0.49,0.50125,0.14
965667600,12.4919,11.6321,10.5066,9.53494,68.5982,68.002,66.8489,65.9545,0.0,0.0,0.0,0.0,0.48406,0.49,0.50125,0.51,0.14
965668500,11.6321,10.5066,9.53494,8.71706,68.002,66.8489,65.9545,65.3189,0.0,0.0,0.0,0.0,0.49,0.50125,0.51,0.51625,0.14
965669400,10.5066,9.53494,8.71706,8.05297,66.8489,65.9545,65.3189,64.942,0.0,0.0,0.0,0.0,0.50125,0.51,0.51625,0.52,0.14
965670300,9.53494,8.71706,8.05297,7.56364,65.9545,65.3189,64.942,65.4145,0.0,0.0,0.0,0.0,0.51,0.51625,0.52,0.5175,0.14
965671200,8.71706,8.05297,7.56364,7.21412,65.3189,64.942,65.4145,65.752,0.0,0.0,0.0,0.0,0.51625,0.52,0.5175,0.515,0.14
965672100,8.05297,7.56364,7.21412,7.00441,64.942,65.4145,65.752,65.9545,0.0,0.0,0.0,0.0,0.52,0.5175,0.515,0.5125,0.14
965673000,7.56364,7.21412,7.00441,6.9345,65.4145,65.752,65.9545,66.022,0.0,0.0,0.0,0.0,0.5175,0.515,0.5125,0.51,0.14
965673900,7.21412,7.00441,6.9345,7.42383,65.752,65.9545,66.022,66.1064,0.0,0.0,0.0,0.0,0.515,0.5125,0.51,0.49531,0.14
965674800,7.00441,6.9345,7.42383,7.77335,65.9545,66.022,66.1064,65.9545,0.0,0.0,0.0,0.0,0.5125,0.51,0.49531,0.48875,0.14
965675700,6.9345,7.42383,7.77335,7.98307,66.022,66.1064,65.9545,65.5664,0.0,0.0,0.0,0.0,0.51,0.49531,0.48875,0.49031,0.14
965676600,7.42383,7.77335,7.98307,8.05297,66.1064,65.9545,65.5664,64.942,0.0,0.0,0.0,0.0,0.49531,0.48875,0.49031,0.5,0.14
965677500,7.77335,7.98307,8.05297,7.77335,65.9545,65.5664,64.942,63.3726,0.0,0.0,0.0,0.0,0.48875,0.49031,0.5,0.53375,0.14
965678400,7.98307,8.05297,7.77335,7.49374,65.5664,64.942,63.3726,62.0395,0.0,0.0,0.0,0.0,0.49031,0.5,0.53375,0.565,0.14
965679300,8.05297,7.77335,7.49374,7.21412,64.942,63.3726,62.0395,60.9426,0.0,0.0,0.0,0.0,0.5,0.53375,0.565,0.59375,0.14
965680200,7.77335,7.49374,7.21412,6.9345,63.3726,62.0395,60.9426,60.082,0.0,0.0,0.0,0.0,0.53375,0.565,0.59375,0.62,0.14
965681100,7.49374,7.21412,6.9345,6.78071,62.0395,60.9426,60.082,59.812,0.0,0.0,0.0,0.0,0.565,0.59375,0.62,0.6475,0.14
965682000,7.21412,6.9345,6.78071,6.54304,60.9426,60.082,59.812,59.542,0.0,0.0,0.0,0.0,0.59375,0.62,0.6475,0.67,0.14
965682900,6.9345,6.78071,6.54304,6.22148,60.082,59.812,59.542,59.272,0.0,0.0,0.0,0.0,0.62,0.6475,0.67,0.6875,0.14
965683800,6.78071,6.54304,6.22148,5.81603,59.812,59.542,59.272,59.002,0.0,0.0,0.0,0.0,0.6475,0.67,0.6875,0.7,0.14
965684700,6.54304,6.22148,5.81603,4.73951,59.542,59.272,59.002,58.3439,0.0,0.0,0.0,0.0,0.67,0.6875,0.7,0.70281,0.14
965685600,6.22148,5.81603,4.73951,3.97056,59.272,59.002,58.3439,57.9445,0.0,0.0,0.0,0.0,0.6875,0.7,0.70281,0.70375,0.16
965686500,5.81603,4.73951,3.97056,3.50919,59.002,58.3439,57.9445,57.8039,0.0,0.0,0.0,0.0,0.7,0.70281,0.70375,0.70281,0.3
965687400,4.73951,3.97056,3.50919,3.3554,58.3439,57.9445,57.8039,57.922,0.0,0.0,0.0,0.0,0.70281,0.70375,0.70281,0.7,0.3
965688300,3.97056,3.50919,3.3554,4.3061,57.9445,57.8039,57.922,58.5014,0.0,0.0,0.0,0.80161,0.70375,0.70281,0.7,0.69906,0.3
965689200,3.50919,3.3554,4.3061,5.03311,57.8039,57.922,58.5014,59.2045,0.0,0.0,0.80161,2.01512,0.70281,0.7,0.69906,0.69375,0.3
965690100,3.3554,4.3061,5.03311,5.53642,57.922,58.5014,59.2045,60.0314,0.0,0.80161,2.01512,3.64055,0.7,0.69906,0.69375,0.68406,0.16
965691000,4.3061,5.03311,5.53642,5.81603,58.5014,59.2045,60.0314,60.982,0.80161,2.01512,3.64055,5.6779,0.69906,0.69375,0.68406,0.67,0.14
965691900,5.03311,5.53642,5.81603,5.3267,59.2045,60.0314,60.982,62.6301,2.01512,3.64055,5.6779,9.27402,0.69375,0.68406,0.67,0.63375,0.14
965692800,5.53642,5.81603,5.3267,4.97718,60.0314,60.982,62.6301,64.0195,3.64055,5.6779,9.27402,12.5175,0.68406,0.67,0.63375,0.605,0.14
965693700,5.81603,5.3267,4.97718,4.76747,60.982,62.6301,64.0195,65.1501,5.6779,9.27402,12.5175,15.4083,0.67,0.63375,0.605,0.58375,0.1378
965694600,5.3267,4.97718,4.76747,4.69757,62.6301,64.0195,65.1501,66.022,9.27402,12.5175,15.4083,17.9464,0.63375,0.605,0.58375,0.57,0.12
965695500,4.97718,4.76747,4.69757,4.97718,64.0195,65.1501,66.022,66.6014,12.5175,15.4083,17.9464,20.8078,0.605,0.58375,0.57,0.57313,0.12
965696400,4.76747,4.69757,4.97718,5.2568,65.1501,66.022,66.6014,66.9445,15.4083,17.9464,20.8078,22.8659,0.58375,0.57,0.57313,0.5775,0.12
965697300,4.69757,4.97718,5.2568,5.53642,66.022,66.6014,66.9445,67.0514,17.9464,20.8078,22.8659,24.1207,0.57,0.57313,0.5775,0.58313,0.12
965698200,4.97718,5.2568,5.53642,5.81603,66.6014,66.9445,67.0514,66.922,20.8078,22.8659,24.1207,24.5722,0.57313,0.5775,0.58313,0.59,0.12
965699100,5.2568,5.53642,5.81603,6.09565,66.9445,67.0514,66.922,65.932,22.8659,24.1207,24.5722,21.2777,0.5775,0.58313,0.59,0.60188,0.1375
965700000,5.53642,5.81603,6.09565,6.37527,67.0514,66.922,65.932,65.122,24.1207,24.5722,21.2777,19.1418,0.58313,0.59,0.60188,0.6125,0.1376
965700900,5.81603,6.09565,6.37527,6.65489,66.922,65.932,65.122,64.492,24.5722,21.2777,19.1418,18.1645,0.59,0.60188,0.6125,0.62188,0.14
965701800,6.09565,6.37527,6.65489,6.9345,65.932,65.122,64.492,64.042,21.2777,19.1418,18.1645,18.3459,0.60188,0.6125,0.62188,0.63,0.14
965702700,6.37527,6.65489,6.9345,7.52869,65.122,64.492,64.042,63.2995,19.1418,18.1645,18.3459,20.4691,0.6125,0.62188,0.63,0.65,0.14
965703600,6.65489,6.9345,7.52869,7.91316,64.492,64.042,63.2995,63.052,18.1645,18.3459,20.4691,23.2288,0.62188,0.63,0.65,0.66,0.14
965704500,6.9345,7.52869,7.91316,8.08792,64.042,63.2995,63.052,63.2995,18.3459,20.4691,23.2288,26.6251,0.63,0.65,0.66,0.66,0.14
965705400,7.52869,7.91316,8.08792,8.05297,63.2995,63.052,63.2995,64.042,20.4691,23.2288,26.6251,30.6578,0.65,0.66,0.66,0.65,0.14
965706300,7.91316,8.08792,8.05297,7.28402,63.052,63.2995,64.042,66.8489,23.2288,26.6251,30.6578,39.4727,0.66,0.66,0.65,0.6,0.139
965707200,8.08792,8.05297,7.28402,6.65489,63.2995,64.042,66.8489,69.1045,26.6251,30.6578,39.4727,46.1604,0.66,0.65,0.6,0.56,0.1302
965708100,8.05297,7.28402,6.65489,6.16556,64.042,66.8489,69.1045,70.8089,30.6578,39.4727,46.1604,50.7207,0.65,0.6,0.56,0.53,0.12
965709000,7.28402,6.65489,6.16556,5.81603,66.8489,69.1045,70.8089,71.962,39.4727,46.1604,50.7207,53.1537,0.6,0.56,0.53,0.51,0.12
965709900,6.65489,6.16556,5.81603,6.04672,69.1045,70.8089,71.962,71.197,46.1604,50.7207,53.1537,48.4456,0.56,0.53,0.51,0.5225,0.12
965710800,6.16556,5.81603,6.04672,6.12361,70.8089,71.962,71.197,70.792,50.7207,53.1537,48.4456,44.9527,0.53,0.51,0.5225,0.53,0.12
965711700,5.81603,6.04672,6.12361,6.04672,71.962,71.197,70.792,70.747,53.1537,48.4456,44.9527,42.675,0.51,0.5225,0.53,0.5325,0.12
965712600,6.04672,6.12361,6.04672,5.81603,71.197,70.792,70.747,71.062,48.4456,44.9527,42.675,41.6123,0.5225,0.53,0.5325,0.53,0.1239
965713500,6.12361,6.04672,5.81603,4.5298,70.792,70.747,71.062,72.7326,44.9527,42.675,41.6123,43.93,0.53,0.5325,0.53,0.50938,0.1394
965714400,6.04672,5.81603,4.5298,3.69094,70.747,71.062,72.7326,74.0995,42.675,41.6123,43.93,46.0193,0.5325,0.53,0.50938,0.4925,0.1396
965715300,5.81603,4.5298,3.69094,3.29948,71.062,72.7326,74.0995,75.1626,41.6123,43.93,46.0193,47.8803,0.53,0.50938,0.4925,0.47938,0.1398
965716200,4.5298,3.69094,3.29948,3.3554,72.7326,74.0995,75.1626,75.922,43.93,46.0193,47.8803,49.513,0.50938,0.4925,0.47938,0.47,0.14
965717100,3.69094,3.29948,3.3554,4.86534,74.0995,75.1626,75.922,75.8207,46.0193,47.8803,49.513,51.2288,0.4925,0.47938,0.47,0.47375,0.1402
965718000,3.29948,3.3554,4.86534,6.15157,75.1626,75.922,75.8207,75.787,47.8803,49.513,51.2288,52.5087,0.47938,0.47,0.47375,0.475,0.14
965718900,3.3554,4.86534,6.15157,7.21412,75.922,75.8207,75.787,75.8207,49.513,51.2288,52.5087,53.3526,0.47,0.47375,0.475,0.47375,0.14
965719800,4.86534,6.15157,7.21412,8.05297,75.8207,75.787,75.8207,75.922,51.2288,52.5087,53.3526,53.7605,0.47375,0.475,0.47375,0.47,0.1347
965720700,6.15157,7.21412,8.05297,8.5423,75.787,75.8207,75.922,75.922,52.5087,53.3526,53.7605,52.8653,0.475,0.47375,0.47,0.46,0.14
965721600,7.21412,8.05297,8.5423,8.89182,75.8207,75.922,75.922,76.102,53.3526,53.7605,52.8653,52.1122,0.47375,0.47,0.46,0.45,0.14
965722500,8.05297,8.5423,8.89182,9.10153,75.922,75.922,76.102,76.462,53.7605,52.8653,52.1122,51.5013,0.47,0.46,0.45,0.44,0.14
965723400,8.5423,8.89182,9.10153,9.17144,75.922,76.102,76.462,77.002,52.8653,52.1122,51.5013,51.0326,0.46,0.45,0.44,0.43,0.14
965724300,8.89182,9.10153,9.17144,8.89182,76.102,76.462,77.002,78.3632,52.1122,51.5013,51.0326,52.4208,0.45,0.44,0.43,0.41625,0.14
965725200,9.10153,9.17144,8.89182,8.6122,76.462,77.002,78.3632,79.477,51.5013,51.0326,52.4208,52.808,0.44,0.43,0.41625,0.405,0.14
965726100,9.17144,8.89182,8.6122,8.33259,77.002,78.3632,79.477,80.3432,51.0326,52.4208,52.808,52.1943,0.43,0.41625,0.405,0.39625,0.14
965727000,8.89182,8.6122,8.33259,8.05297,78.3632,79.477,80.3432,80.962,52.4208,52.808,52.1943,50.5797,0.41625,0.405,0.39625,0.39,0.14
965727900,8.6122,8.33259,8.05297,7.77335,79.477,80.3432,80.962,81.0464,52.808,52.1943,50.5797,46.3698,0.405,0.39625,0.39,0.38813,0.12
965728800,8.33259,8.05297,7.77335,7.49374,80.3432,80.962,81.0464,81.0745,52.1943,50.5797,46.3698,42.2219,0.39625,0.39,0.38813,0.3875,0.14
965729700,8.05297,7.77335,7.49374,7.21412,80.962,81.0464,81.0745,81.0464,50.5797,46.3698,42.2219,38.1357,0.39,0.38813,0.3875,0.38813,0.1399
965730600,7.77335,7.49374,7.21412,6.9345,81.0464,81.0745,81.0464,80.962,46.3698,42.2219,38.1357,34.1114,0.38813,0.3875,0.38813,0.39,0.14
965731500,7.49374,7.21412,6.9345,6.44517,81.0745,81.0464,80.962,80.8382,42.2219,38.1357,34.1114,29.987,0.3875,0.38813,0.39,0.39406,0.14
965732400,7.21412,6.9345,6.44517,6.09565,81.0464,80.962,80.8382,80.647,38.1357,34.1114,29.987,26.0324,0.38813,0.39,0.39406,0.39875,0.14
965733300,6.9345,6.44517,6.09565,5.88594,80.962,80.8382,80.647,80.3882,34.1114,29.987,26.0324,22.2475,0.39,0.39406,0.39875,0.40406,0.14
965734200,6.44517,6.09565,5.88594,5.81603,80.8382,80.647,80.3882,80.062,29.987,26.0324,22.2475,18.6325,0.39406,0.39875,0.40406,0.41,0.14
965735100,6.09565,5.88594,5.81603,6.30536,80.647,80.3882,80.062,79.8539,26.0324,22.2475,18.6325,14.6999,0.39875,0.40406,0.41,0.41281,0.14
965736000,5.88594,5.81603,6.30536,6.65489,80.3882,80.062,79.8539,79.4545,22.2475,18.6325,14.6999,11.2619,0.40406,0.41,0.41281,0.41875,0.14
965736900,5.81603,6.30536,6.65489,6.8646,80.062,79.8539,79.4545,78.8639,18.6325,14.6999,11.2619,8.31863,0.41,0.41281,0.41875,0.42781,0.14
965737800,6.30536,6.65489,6.8646,6.9345,79.8539,79.4545,78.8639,78.082,14.6999,11.2619,8.31863,5.86999,0.41281,0.41875,0.42781,0.44,0.14
965738700,6.65489,6.8646,6.9345,6.55003,79.4545,78.8639,78.082,77.0076,11.2619,8.31863,5.86999,4.29928,0.41875,0.42781,0.44,0.4525,0.14
965739600,6.8646,6.9345,6.55003,6.23546,78.8639,78.082,77.0076,75.8095,8.31863,5.86999,4.29928,2.9677,0.42781,0.44,0.4525,0.47,0.14
965740500,6.9345,6.55003,6.23546,5.9908,78.082,77.0076,75.8095,74.4876,5.86999,4.29928,2.9677,1.87525,0.44,0.4525,0.47,0.4925,0.14
965741400,6.55003,6.23546,5.9908,5.81603,77.0076,75.8095,74.4876,73.042,4.29928,2.9677,1.87525,1.02193,0.4525,0.47,0.4925,0.52,0.1442
965742300,6.23546,5.9908,5.81603,5.50147,75.8095,74.4876,73.042,70.8145,2.9677,1.87525,1.02193,0.67064,0.47,0.4925,0.52,0.57313,0.1552
965743200,5.9908,5.81603,5.50147,5.39661,74.4876,73.042,70.8145,68.902,1.87525,1.02193,0.67064,0.38323,0.4925,0.52,0.57313,0.6175,0.1568
965744100,5.81603,5.50147,5.39661,5.50147,73.042,70.8145,68.902,67.3045,1.02193,0.67064,0.38323,0.15968,0.52,0.57313,0.6175,0.65313,0.1562
965745000,5.50147,5.39661,5.50147,5.81603,70.8145,68.902,67.3045,66.022,0.67064,0.38323,0.15968,0.0,0.57313,0.6175,0.65313,0.68,0.1553
965745900,5.39661,5.50147,5.81603,7.17917,68.902,67.3045,66.022,65.527,0.38323,0.15968,0.0,0.0,0.6175,0.65313,0.68,0.68406,0.1534
965746800,5.50147,5.81603,7.17917,8.19278,67.3045,66.022,65.527,65.032,0.15968,0.0,0.0,0.0,0.65313,0.68,0.68406,0.68875,0.1452
965747700,5.81603,7.17917,8.19278,8.85687,66.022,65.527,65.032,64.537,0.0,0.0,0.0,0.0,0.68,0.68406,0.68875,0.69406,0.14
965748600,7.17917,8.19278,8.85687,9.17144,65.527,65.032,64.537,64.042,0.0,0.0,0.0,0.0,0.68406,0.68875,0.69406,0.7,0.14
965749500,8.19278,8.85687,9.17144,8.19278,65.032,64.537,64.042,63.6482,0.0,0.0,0.0,0.0,0.68875,0.69406,0.7,0.70281,0.14
965750400,8.85687,9.17144,8.19278,7.49374,64.537,64.042,63.6482,63.187,0.0,0.0,0.0,0.0,0.69406,0.7,0.70281,0.70875,0.14
965751300,9.17144,8.19278,7.49374,7.07431,64.042,63.6482,63.187,62.6582,0.0,0.0,0.0,0.0,0.7,0.70281,0.70875,0.71781,0.1453
965752200,8.19278,7.49374,7.07431,6.9345,63.6482,63.187,62.6582,62.062,0.0,0.0,0.0,0.0,0.70281,0.70875,0.71781,0.73,0.1453
965753100,7.49374,7.07431,6.9345,7.59859,63.187,62.6582,62.062,61.1114,0.0,0.0,0.0,0.0,0.70875,0.71781,0.73,0.7575,0.1454
965754000,7.07431,6.9345,7.59859,8.19278,62.6582,62.062,61.1114,60.2845,0.0,0.0,0.0,0.0,0.71781,0.73,0.7575,0.78,0.14
965754900,6.9345,7.59859,8.19278,8.71706,62.062,61.1114,60.2845,59.5814,0.0,0.0,0.0,0.0,0.73,0.7575,0.78,0.7975,0.14
965755800,7.59859,8.19278,8.71706,9.17144,61.1114,60.2845,59.5814,59.002,0.0,0.0,0.0,0.0,0.7575,0.78,0.7975,0.81,0.14
965756700,8.19278,8.71706,9.17144,9.43008,60.2845,59.5814,59.002,58.7151,0.0,0.0,0.0,0.0,0.78,0.7975,0.81,0.80719,0.14
965757600,8.71706,9.17144,9.43008,9.70271,59.5814,59.002,58.7151,58.4395,0.0,0.0,0.0,0.0,0.7975,0.81,0.80719,0.80625,0.14
965758500,9.17144,9.43008,9.70271,9.98932,59.002,58.7151,58.4395,58.1751,0.0,0.0,0.0,0.0,0.81,0.80719,0.80625,0.80719,0.14
