id,tstamp,windspeed-2,windspeed-1,windspeed0,solarflux-2,solarflux-1,solarflux0,sellertotalquantity
3.0,965070000,9.61883,9.47203,9.31125,0.0,0.0,0.0,7324.26
4.0,965070900,9.47203,9.31125,9.13649,0.0,0.0,0.0,7324.2
5.0,965071800,9.31125,9.13649,8.94775,0.0,0.0,0.0,7325.09
6.0,965072700,9.13649,8.94775,8.68211,0.0,0.0,0.0,7326.28
7.0,965073600,8.94775,8.68211,8.44443,0.0,0.0,0.0,7330.84
8.0,965074500,8.68211,8.44443,8.23472,0.0,0.0,0.0,7061.43
9.0,965075400,8.44443,8.23472,8.05297,0.0,0.0,0.0,6668.81
10.0,965076300,8.23472,8.05297,7.9621,0.0,0.0,0.0,6402.43
11.0,965077200,8.05297,7.9621,7.85724,0.0,0.0,0.0,6264.9
12.0,965078100,7.9621,7.85724,7.7384,0.0,0.0,0.0,6110.32
13.0,965079000,7.85724,7.7384,7.60558,0.0,0.0,0.0,5960.09
14.0,965079900,7.7384,7.60558,7.33296,0.0,0.0,0.0,5736.22
15.0,965080800,7.60558,7.33296,7.13023,0.0,0.0,0.0,5434.37
16.0,965081700,7.33296,7.13023,6.99742,0.0,0.0,0.0,5141.27
17.0,965082600,7.13023,6.99742,6.9345,0.0,0.0,0.2822,4989.71
18.0,965083500,6.99742,6.9345,6.92052,0.0,0.2822,0.43954,4913.75
19.0,965084400,6.9345,6.92052,6.99043,0.2822,0.43954,1.25758,4930.68
20.0,965085300,6.92052,6.99043,7.14422,0.43954,1.25758,2.7363,5054.76
21.0,965086200,6.99043,7.14422,7.38189,1.25758,2.7363,4.87572,5333.51
22.0,965087100,7.14422,7.38189,8.1019,2.7363,4.87572,8.43015,5707.76
23.0,965088000,7.38189,8.1019,8.64017,4.87572,8.43015,12.1424,6850.35
24.0,965088900,8.1019,8.64017,8.99668,8.43015,12.1424,16.0124,8022.13
25.0,965089800,8.64017,8.99668,9.17144,12.1424,16.0124,20.0403,8295.19
26.0,965090700,8.99668,9.17144,8.78697,16.0124,20.0403,25.9639,8428.39
27.0,965091600,9.17144,8.78697,8.4724,20.0403,25.9639,30.8866,8599.82
28.0,965092500,8.78697,8.4724,8.22773,25.9639,30.8866,34.8086,8442.85
29.0,965093400,8.4724,8.22773,8.05297,30.8866,34.8086,37.7297,8104.85
30.0,965094300,8.22773,8.05297,7.94811,34.8086,37.7297,36.8126,7851.95
31.0,965095200,8.05297,7.94811,7.91316,37.7297,36.8126,36.7863,7527.22
32.0,965096100,7.94811,7.91316,7.94811,36.8126,36.7863,37.6508,7386.74
33.0,965097000,7.91316,7.94811,8.05297,36.7863,37.6508,39.4061,7329.85
34.0,965097900,7.94811,8.05297,8.20676,37.6508,39.4061,47.5089,7448.62
35.0,965098800,8.05297,8.20676,8.44443,39.4061,47.5089,52.8647,7905.41
36.0,965099700,8.20676,8.44443,8.76599,47.5089,52.8647,55.4736,8420.87
37.0,965100600,8.44443,8.76599,9.17144,52.8647,55.4736,55.3354,8883.38
38.0,965101500,8.76599,9.17144,10.248,55.4736,55.3354,45.8918,8864.87
39.0,965102400,9.17144,10.248,11.0169,55.3354,45.8918,38.0735,8568.26
40.0,965103300,10.248,11.0169,11.4783,45.8918,38.0735,31.8806,8306.88
41.0,965104200,11.0169,11.4783,11.6321,38.0735,31.8806,27.3131,8099.58
42.0,965105100,11.4783,11.6321,11.1008,31.8806,27.3131,26.5752,7946.62
43.0,965106000,11.6321,11.1008,10.5136,27.3131,26.5752,25.9932,7921.96
44.0,965106900,11.1008,10.5136,9.87048,26.5752,25.9932,25.567,7907.48
45.0,965107800,10.5136,9.87048,9.17144,25.9932,25.567,25.2967,7896.19
46.0,965108700,9.87048,9.17144,7.59859,25.567,25.2967,24.1086,7888.1
47.0,965109600,9.17144,7.59859,6.51508,25.2967,24.1086,23.7922,6363.73
48.0,965110500,7.59859,6.51508,5.92089,24.1086,23.7922,24.3474,5042.09
49.0,965111400,6.51508,5.92089,5.81603,23.7922,24.3474,25.7742,4479.11
50.0,965112300,5.92089,5.81603,7.2281,24.3474,25.7742,27.8397,4399.19
51.0,965113200,5.81603,7.2281,8.44443,25.7742,27.8397,30.9322,5803.74
52.0,965114100,7.2281,8.44443,9.46504,27.8397,30.9322,35.0517,7581.68
53.0,965115000,8.44443,9.46504,10.2899,30.9322,35.0517,40.1983,8126.15
54.0,965115900,9.46504,10.2899,10.8771,35.0517,40.1983,52.3055,8191.55
55.0,965116800,10.2899,10.8771,11.2965,40.1983,52.3055,61.484,8573.81
56.0,965117700,10.8771,11.2965,11.5482,52.3055,61.484,67.7339,8892.8
57.0,965118600,11.2965,11.5482,11.6321,61.484,67.7339,71.0552,9131.65
58.0,965119500,11.5482,11.6321,10.4157,67.7339,71.0552,67.3918,9290.85
59.0,965120400,11.6321,10.4157,9.7866,71.0552,67.3918,63.5038,9284.45
60.0,965121300,10.4157,9.7866,9.74465,67.3918,63.5038,59.3911,9250.95
61.0,965122200,9.7866,9.74465,10.2899,63.5038,59.3911,55.0537,9198.52
62.0,965123100,9.74465,10.2899,13.5824,59.3911,55.0537,50.0369,9127.14
63.0,965124000,10.2899,13.5824,16.0221,55.0537,50.0369,45.0985,9025.3
64.0,965124900,13.5824,16.0221,17.6089,50.0369,45.0985,40.2387,8911.32
65.0,965125800,16.0221,17.6089,18.3429,45.0985,40.2387,35.4573,3951.27
66.0,965126700,17.6089,18.3429,16.7561,40.2387,35.4573,30.329,3806.35
67.0,965127600,18.3429,16.7561,15.2951,35.4573,30.329,25.5629,8471.2
68.0,965128500,16.7561,15.2951,13.9599,30.329,25.5629,21.159,8300.05
69.0,965129400,15.2951,13.9599,12.7505,25.5629,21.159,17.1171,8139.45
70.0,965130300,13.9599,12.7505,11.7299,21.159,17.1171,13.1373,7989.45
71.0,965131200,12.7505,11.7299,10.7932,17.1171,13.1373,9.71977,7835.55
72.0,965132100,11.7299,10.7932,9.94039,13.1373,9.71977,6.86448,7701.11
73.0,965133000,10.7932,9.94039,9.17144,9.71977,6.86448,4.57144,7587.57
74.0,965133900,9.94039,9.17144,8.50735,6.86448,4.57144,3.44711,7495.0
75.0,965134800,9.17144,8.50735,7.91316,4.57144,3.44711,2.48074,7246.01
76.0,965135700,8.50735,7.91316,7.38888,3.44711,2.48074,1.67235,6324.08
77.0,965136600,7.91316,7.38888,6.9345,2.48074,1.67235,1.02193,5508.56
78.0,965137500,7.38888,6.9345,6.55003,1.67235,1.02193,0.67064,5032.4
79.0,965138400,6.9345,6.55003,6.23546,1.02193,0.67064,0.38323,4604.14
80.0,965139300,6.55003,6.23546,5.9908,0.67064,0.38323,0.15968,4186.28
81.0,965140200,6.23546,5.9908,5.81603,0.38323,0.15968,0.0,3959.11
82.0,965141100,5.9908,5.81603,6.04672,0.15968,0.0,0.0,3822.43
83.0,965142000,5.81603,6.04672,6.12361,0.0,0.0,0.0,3971.23
84.0,965142900,6.04672,6.12361,6.04672,0.0,0.0,0.0,4056.88
85.0,965143800,6.12361,6.04672,5.81603,0.0,0.0,0.0,3998.61
86.0,965144700,6.04672,5.81603,4.84437,0.0,0.0,0.0,3814.23
87.0,965145600,5.81603,4.84437,4.11037,0.0,0.0,0.0,3164.81
88.0,965146500,4.84437,4.11037,3.61405,0.0,0.0,0.0,2798.66
89.0,965147400,4.11037,3.61405,3.3554,0.0,0.0,0.0,2574.76
90.0,965148300,3.61405,3.3554,3.5022,0.0,0.0,0.0,2481.78
91.0,965149200,3.3554,3.5022,3.77483,0.0,0.0,0.0,2517.88
92.0,965150100,3.5022,3.77483,4.17328,0.0,0.0,0.0,2600.79
93.0,965151000,3.77483,4.17328,4.69757,0.0,0.0,0.0,2763.3
94.0,965151900,4.17328,4.69757,6.29138,0.0,0.0,0.0,2989.1
95.0,965152800,4.69757,6.29138,7.38189,0.0,0.0,0.0,4048.64
96.0,965153700,6.29138,7.38189,7.96909,0.0,0.0,0.0,5265.95
97.0,965154600,7.38189,7.96909,8.05297,0.0,0.0,0.0,6183.02
98.0,965155500,7.96909,8.05297,6.31235,0.0,0.0,0.0,6361.19
99.0,965156400,8.05297,6.31235,4.94922,0.0,0.0,0.0,4342.31
100.0,965157300,6.31235,4.94922,3.96357,0.0,0.0,0.0,3249.15
101.0,965158200,4.94922,3.96357,3.3554,0.0,0.0,0.0,2749.88
102.0,965159100,3.96357,3.3554,3.71192,0.0,0.0,0.0,2490.3
103.0,965160000,3.3554,3.71192,4.05445,0.0,0.0,0.0,2596.47
104.0,965160900,3.71192,4.05445,4.383,0.0,0.0,0.0,2733.78
105.0,965161800,4.05445,4.383,4.69757,0.0,0.0,0.0,2874.21
106.0,965162700,4.383,4.69757,4.87233,0.0,0.0,0.0,3037.01
107.0,965163600,4.69757,4.87233,5.11699,0.0,0.0,0.0,3150.22
108.0,965164500,4.87233,5.11699,5.43156,0.0,0.0,0.0,3296.3
109.0,965165400,5.11699,5.43156,5.81603,0.0,0.0,0.0,3488.57
110.0,965166300,5.43156,5.81603,6.68984,0.0,0.0,0.0,3792.34
111.0,965167200,5.81603,6.68984,7.35393,0.0,0.0,0.0,4579.84
112.0,965168100,6.68984,7.35393,7.80831,0.0,0.0,0.0,5364.79
113.0,965169000,7.35393,7.80831,8.05297,0.0,0.0,0.28156,5998.47
114.0,965169900,7.80831,8.05297,7.77335,0.0,0.28156,1.41423,6385.5
115.0,965170800,8.05297,7.77335,7.49374,0.28156,1.41423,2.92423,6199.03
116.0,965171700,7.77335,7.49374,7.21412,1.41423,2.92423,4.81156,5989.93
117.0,965172600,7.49374,7.21412,6.9345,2.92423,4.81156,7.07621,5791.88
118.0,965173500,7.21412,6.9345,6.1306,4.81156,7.07621,9.88034,5603.84
119.0,965174400,6.9345,6.1306,5.67623,7.07621,9.88034,12.9537,4945.61
120.0,965175300,6.1306,5.67623,5.57137,9.88034,12.9537,16.2963,4612.28
121.0,965176200,5.67623,5.57137,5.81603,12.9537,16.2963,19.9081,4601.48
122.0,965177100,5.57137,5.81603,7.6685,16.2963,19.9081,25.0992,4813.93
123.0,965178000,5.81603,7.6685,9.03163,19.9081,25.0992,29.6861,6903.87
124.0,965178900,7.6685,9.03163,9.90543,25.0992,29.6861,33.669,8692.36
125.0,965179800,9.03163,9.90543,10.2899,29.6861,33.669,37.0478,8790.98
126.0,965180700,9.90543,10.2899,8.92677,33.669,37.0478,40.4261,8842.28
127.0,965181600,10.2899,8.92677,7.91316,37.0478,40.4261,42.7979,8849.65
128.0,965182500,8.92677,7.91316,7.24907,40.4261,42.7979,44.1632,7724.69
129.0,965183400,7.91316,7.24907,6.9345,42.7979,44.1632,44.522,6804.94
130.0,965184300,7.24907,6.9345,7.26305,44.1632,44.522,41.8795,6310.84
131.0,965185200,6.9345,7.26305,7.74539,44.522,41.8795,39.5604,6437.18
132.0,965186100,7.26305,7.74539,8.38152,41.8795,39.5604,37.5648,6910.71
133.0,965187000,7.74539,8.38152,9.17144,39.5604,37.5648,35.8926,7708.23
134.0,965187900,8.38152,9.17144,10.7862,37.5648,35.8926,33.8214,8155.39
135.0,965188800,9.17144,10.7862,12.1074,35.8926,33.8214,32.5553,8092.49
136.0,965189700,10.7862,12.1074,13.135,33.8214,32.5553,32.0944,8051.75
137.0,965190600,12.1074,13.135,13.869,32.5553,32.0944,32.4386,8032.3
138.0,965191500,13.135,13.869,13.7641,32.0944,32.4386,34.3002,8034.14
139.0,965192400,13.869,13.7641,13.7292,32.4386,34.3002,36.4921,8074.6
140.0,965193300,13.7641,13.7292,13.7641,34.3002,36.4921,39.0144,8125.82
141.0,965194200,13.7292,13.7641,13.869,36.4921,39.0144,41.867,8186.15
142.0,965195100,13.7641,13.869,14.1486,39.0144,41.867,47.9734,8255.57
143.0,965196000,13.869,14.1486,14.4282,41.867,47.9734,52.4612,8406.4
144.0,965196900,14.1486,14.4282,14.7079,47.9734,52.4612,55.3305,8522.51
145.0,965197800,14.4282,14.7079,14.9875,52.4612,55.3305,56.5812,8597.14
146.0,965198700,14.7079,14.9875,15.6865,55.3305,56.5812,54.3008,8630.39
147.0,965199600,14.9875,15.6865,16.1059,56.5812,54.3008,51.6769,8573.51
148.0,965200500,15.6865,16.1059,16.2457,54.3008,51.6769,48.7094,8504.7
149.0,965201400,16.1059,16.2457,16.1059,51.6769,48.7094,45.3983,8428.58
150.0,965202300,16.2457,16.1059,14.8477,48.7094,45.3983,40.0476,8345.13
151.0,965203200,16.1059,14.8477,13.869,45.3983,40.0476,35.4841,8215.17
152.0,965204100,14.8477,13.869,13.17,40.0476,35.4841,31.7078,8101.46
153.0,965205000,13.869,13.17,12.7505,35.4841,31.7078,28.7187,8007.75
154.0,965205900,13.17,12.7505,13.2399,31.7078,28.7187,27.8748,7934.11
155.0,965206800,12.7505,13.2399,13.5894,28.7187,27.8748,26.9128,7913.36
156.0,965207700,13.2399,13.5894,13.7991,27.8748,26.9128,25.8328,7892.93
157.0,965208600,13.5894,13.7991,13.869,26.9128,25.8328,24.6346,7869.68
158.0,965209500,13.7991,13.869,13.8201,25.8328,24.6346,23.7534,7843.65
159.0,965210400,13.869,13.8201,13.6173,24.6346,23.7534,22.464,7825.17
160.0,965211300,13.8201,13.6173,13.2608,23.7534,22.464,20.7665,7797.63
161.0,965212200,13.6173,13.2608,12.7505,22.464,20.7665,18.6608,7760.04
162.0,965213100,13.2608,12.7505,11.1847,20.7665,18.6608,14.7209,7712.37
163.0,965214000,12.7505,11.1847,10.0662,18.6608,14.7209,11.3236,7620.49
164.0,965214900,11.1847,10.0662,9.39513,14.7209,11.3236,8.46873,7539.12
165.0,965215800,10.0662,9.39513,9.17144,11.3236,8.46873,6.15635,7471.53
166.0,965216700,9.39513,9.17144,10.2969,8.46873,6.15635,4.99927,7417.76
167.0,965217600,9.17144,10.2969,11.2686,6.15635,4.99927,3.97614,7391.64
168.0,965218500,10.2969,11.2686,12.0864,4.99927,3.97614,3.08696,7371.83
169.0,965219400,11.2686,12.0864,12.7505,3.97614,3.08696,2.33173,7354.73
170.0,965220300,12.0864,12.7505,13.6803,3.08696,2.33173,1.81472,7342.13
171.0,965221200,12.7505,13.6803,14.1766,2.33173,1.81472,1.36214,7348.39
172.0,965222100,13.6803,14.1766,14.2395,1.81472,1.36214,0.97401,7352.36
173.0,965223000,14.1766,14.2395,13.869,1.36214,0.97401,0.65032,7352.87
174.0,965223900,14.2395,13.869,11.66,0.97401,0.65032,0.42677,7349.93
175.0,965224800,13.869,11.66,9.95437,0.65032,0.42677,0.24387,7333.44
176.0,965225700,11.66,9.95437,8.75201,0.42677,0.24387,0.10161,7319.59
177.0,965226600,9.95437,8.75201,8.05297,0.24387,0.10161,0.0,7309.92
178.0,965227500,8.75201,8.05297,9.24134,0.10161,0.0,0.0,6416.03
179.0,965228400,8.05297,9.24134,10.0103,0.0,0.0,0.0,7305.56
180.0,965229300,9.24134,10.0103,10.3598,0.0,0.0,0.0,7308.78
181.0,965230200,10.0103,10.3598,10.2899,0.0,0.0,0.0,7311.12
182.0,965231100,10.3598,10.2899,8.64716,0.0,0.0,0.0,7312.81
183.0,965232000,10.2899,8.64716,7.35393,0.0,0.0,0.0,7312.9
184.0,965232900,8.64716,7.35393,6.41022,0.0,0.0,0.0,5665.74
185.0,965233800,7.35393,6.41022,5.81603,0.0,0.0,0.0,4427.81
186.0,965234700,6.41022,5.81603,6.20051,0.0,0.0,0.0,3823.18
187.0,965235600,5.81603,6.20051,6.51508,0.0,0.0,0.0,4106.88
188.0,965236500,6.20051,6.51508,6.75974,0.0,0.0,0.0,4407.93
189.0,965237400,6.51508,6.75974,6.9345,0.0,0.0,0.0,4648.3
190.0,965238300,6.75974,6.9345,6.9345,0.0,0.0,0.0,4859.48
191.0,965239200,6.9345,6.9345,6.9345,0.0,0.0,0.0,4871.49
192.0,965240100,6.9345,6.9345,6.9345,0.0,0.0,0.0,4872.89
193.0,965241000,6.9345,6.9345,6.9345,0.0,0.0,0.0,4873.91
194.0,965241900,6.9345,6.9345,7.14422,0.0,0.0,0.0,4874.64
195.0,965242800,6.9345,7.14422,7.21412,0.0,0.0,0.0,5092.77
196.0,965243700,7.14422,7.21412,7.14422,0.0,0.0,0.0,5199.51
197.0,965244600,7.21412,7.14422,6.9345,0.0,0.0,0.0,5126.96
198.0,965245500,7.14422,6.9345,6.16556,0.0,0.0,0.0,4895.25
199.0,965246400,6.9345,6.16556,5.53642,0.0,0.0,0.0,4143.76
200.0,965247300,6.16556,5.53642,5.04709,0.0,0.0,0.0,3675.05
201.0,965248200,5.53642,5.04709,4.69757,0.0,0.0,0.0,3275.33
202.0,965249100,5.04709,4.69757,4.69757,0.0,0.0,0.0,3074.54
203.0,965250000,4.69757,4.69757,4.69757,0.0,0.0,0.0,3053.12
204.0,965250900,4.69757,4.69757,4.69757,0.0,0.0,0.0,3053.05
205.0,965251800,4.69757,4.69757,4.69757,0.0,0.0,0.0,3053.09
206.0,965252700,4.69757,4.69757,4.48785,0.0,0.0,0.0,3053.22
207.0,965253600,4.69757,4.48785,4.41795,0.0,0.0,0.0,2954.45
208.0,965254500,4.48785,4.41795,4.48785,0.0,0.0,0.05124,2911.19
209.0,965255400,4.41795,4.48785,4.69757,0.0,0.05124,0.28092,2939.18
210.0,965256300,4.48785,4.69757,5.67623,0.05124,0.28092,0.55854,3055.38
211.0,965257200,4.69757,5.67623,6.37527,0.28092,0.55854,0.98136,3495.71
212.0,965258100,5.67623,6.37527,6.79469,0.55854,0.98136,1.54937,4291.25
213.0,965259000,6.37527,6.79469,6.9345,0.98136,1.54937,2.26258,4746.47
214.0,965259900,6.79469,6.9345,5.95584,1.54937,2.26258,3.35194,4936.5
215.0,965260800,6.9345,5.95584,5.2568,2.26258,3.35194,4.43253,4051.63
216.0,965261700,5.95584,5.2568,4.83737,3.35194,4.43253,5.50433,3527.26
217.0,965262600,5.2568,4.83737,4.69757,4.43253,5.50433,6.56735,3287.26
218.0,965263500,4.83737,4.69757,6.11662,5.50433,6.56735,7.27226,3212.14
219.0,965264400,4.69757,6.11662,6.96246,6.56735,7.27226,8.20128,4099.3
220.0,965265300,6.11662,6.96246,7.23509,7.27226,8.20128,9.3544,5016.15
221.0,965266200,6.96246,7.23509,6.9345,8.20128,9.3544,10.7316,5438.7
222.0,965267100,7.23509,6.9345,4.00551,9.3544,10.7316,12.4122,5175.83
223.0,965268000,6.9345,4.00551,1.87343,10.7316,12.4122,14.2641,3091.06
224.0,965268900,4.00551,1.87343,0.53826,12.4122,14.2641,16.2872,2740.54
225.0,965269800,1.87343,0.53826,0.0,14.2641,16.2872,18.4817,2792.16
226.0,965270700,0.53826,0.0,1.89441,16.2872,18.4817,19.0698,2834.27
227.0,965271600,0.0,1.89441,3.49521,18.4817,19.0698,21.0143,2872.4
228.0,965272500,1.89441,3.49521,4.80242,19.0698,21.0143,24.3152,3015.96
229.0,965273400,3.49521,4.80242,5.81603,21.0143,24.3152,28.9724,3601.89
230.0,965274300,4.80242,5.81603,6.20051,24.3152,28.9724,41.3901,4388.95
231.0,965275200,5.81603,6.20051,6.51508,28.9724,41.3901,50.8947,5099.32
232.0,965276100,6.20051,6.51508,6.75974,41.3901,50.8947,57.4861,5642.26
233.0,965277000,6.51508,6.75974,6.9345,50.8947,57.4861,61.1645,6066.44
234.0,965277900,6.75974,6.9345,7.03936,57.4861,61.1645,56.1235,6358.5
235.0,965278800,6.9345,7.03936,7.07431,61.1645,56.1235,52.0402,6377.55
236.0,965279700,7.03936,7.07431,7.03936,56.1235,52.0402,48.9145,6326.6
237.0,965280600,7.07431,7.03936,6.9345,52.0402,48.9145,46.7465,6215.28
238.0,965281500,7.03936,6.9345,6.55003,48.9145,46.7465,46.9478,6045.57
239.0,965282400,6.9345,6.55003,6.23546,46.7465,46.9478,47.1656,5638.69
240.0,965283300,6.55003,6.23546,5.9908,46.9478,47.1656,47.3998,5325.58
241.0,965284200,6.23546,5.9908,5.81603,47.1656,47.3998,47.6505,5104.59
242.0,965285100,5.9908,5.81603,5.71118,47.3998,47.6505,50.0856,4960.64
243.0,965286000,5.81603,5.71118,5.67623,47.6505,50.0856,51.0918,4946.34
244.0,965286900,5.71118,5.67623,5.71118,50.0856,51.0918,50.6691,4954.92
245.0,965287800,5.67623,5.71118,5.81603,51.0918,50.6691,48.8174,4978.29
246.0,965288700,5.71118,5.81603,5.9908,50.6691,48.8174,39.5704,5017.97
247.0,965289600,5.81603,5.9908,6.23546,48.8174,39.5704,32.8721,4918.38
248.0,965290500,5.9908,6.23546,6.55003,39.5704,32.8721,28.7225,4946.72
249.0,965291400,6.23546,6.55003,6.9345,32.8721,28.7225,27.1216,5132.49
250.0,965292300,6.55003,6.9345,7.80831,28.7225,27.1216,36.218,5495.19
251.0,965293200,6.9345,7.80831,8.4724,27.1216,36.218,42.4307,6813.45
252.0,965294100,7.80831,8.4724,8.92677,36.218,42.4307,45.7598,8026.66
253.0,965295000,8.4724,8.92677,9.17144,42.4307,45.7598,46.2051,8524.64
254.0,965295900,8.92677,9.17144,8.68211,45.7598,46.2051,37.4702,8554.13
255.0,965296800,9.17144,8.68211,8.33259,46.2051,37.4702,30.0493,8310.84
256.0,965297700,8.68211,8.33259,8.12287,37.4702,30.0493,23.9424,7577.21
257.0,965298600,8.33259,8.12287,8.05297,30.0493,23.9424,19.1495,7059.71
258.0,965299500,8.12287,8.05297,8.33259,23.9424,19.1495,17.8168,6801.96
259.0,965300400,8.05297,8.33259,8.6122,19.1495,17.8168,16.3674,7167.29
260.0,965301300,8.33259,8.6122,8.89182,17.8168,16.3674,14.8013,7588.15
261.0,965302200,8.6122,8.89182,9.17144,16.3674,14.8013,13.1184,7670.63
262.0,965303100,8.89182,9.17144,9.66077,14.8013,13.1184,10.8231,7625.59
263.0,965304000,9.17144,9.66077,10.0103,13.1184,10.8231,8.74167,7549.73
264.0,965304900,9.66077,10.0103,10.22,10.8231,8.74167,6.87403,7481.21
265.0,965305800,10.0103,10.22,10.2899,8.74167,6.87403,5.22021,7422.34
266.0,965306700,10.22,10.2899,10.1151,6.87403,5.22021,3.75092,7373.12
267.0,965307600,10.2899,10.1151,9.87048,5.22021,3.75092,2.515,7337.63
268.0,965308500,10.1151,9.87048,9.55591,3.75092,2.515,1.51243,7309.36
269.0,965309400,9.87048,9.55591,9.17144,2.515,1.51243,0.74322,7287.93
270.0,965310300,9.55591,9.17144,8.19278,1.51243,0.74322,0.48774,7273.33
271.0,965311200,9.17144,8.19278,7.49374,0.74322,0.48774,0.27871,6598.58
272.0,965312100,8.19278,7.49374,7.07431,0.48774,0.27871,0.11613,5628.03
273.0,965313000,7.49374,7.07431,6.9345,0.27871,0.11613,0.0,5037.07
274.0,965313900,7.07431,6.9345,7.70345,0.11613,0.0,0.0,4856.2
275.0,965314800,6.9345,7.70345,8.33259,0.0,0.0,0.0,5742.76
276.0,965315700,7.70345,8.33259,8.82192,0.0,0.0,0.0,6675.26
277.0,965316600,8.33259,8.82192,9.17144,0.0,0.0,0.0,7284.68
278.0,965317500,8.82192,9.17144,9.17144,0.0,0.0,0.0,7284.68
279.0,965318400,9.17144,9.17144,9.17144,0.0,0.0,0.0,7283.9
280.0,965319300,9.17144,9.17144,9.17144,0.0,0.0,0.0,7283.59
281.0,965320200,9.17144,9.17144,9.17144,0.0,0.0,0.0,7283.83
282.0,965321100,9.17144,9.17144,8.94075,0.0,0.0,0.0,7284.61
283.0,965322000,9.17144,8.94075,8.86386,0.0,0.0,0.0,7286.41
284.0,965322900,8.94075,8.86386,8.94075,0.0,0.0,0.0,7288.65
285.0,965323800,8.86386,8.94075,9.17144,0.0,0.0,0.0,7290.86
286.0,965324700,8.94075,9.17144,10.3528,0.0,0.0,0.0,7293.19
287.0,965325600,9.17144,10.3528,11.1567,0.0,0.0,0.0,7295.94
288.0,965326500,10.3528,11.1567,11.5831,0.0,0.0,0.0,7298.43
289.0,965327400,11.1567,11.5831,11.6321,0.0,0.0,0.0,7301.18
290.0,965328300,11.5831,11.6321,10.2969,0.0,0.0,0.0,7303.47
291.0,965329200,11.6321,10.2969,9.25532,0.0,0.0,0.0,7304.8
292.0,965330100,10.2969,9.25532,8.50735,0.0,0.0,0.0,7306.71
293.0,965331000,9.25532,8.50735,8.05297,0.0,0.0,0.0,7254.2
294.0,965331900,8.50735,8.05297,8.64716,0.0,0.0,0.0,6358.57
295.0,965332800,8.05297,8.64716,9.03163,0.0,0.0,0.0,7228.99
296.0,965333700,8.64716,9.03163,9.20639,0.0,0.0,0.0,7321.63
297.0,965334600,9.03163,9.20639,9.17144,0.0,0.0,0.0,7326.19
298.0,965335500,9.20639,9.17144,8.40249,0.0,0.0,0.0,7330.84
299.0,965336400,9.17144,8.40249,7.77335,0.0,0.0,0.0,6972.51
300.0,965337300,8.40249,7.77335,7.28402,0.0,0.0,0.0,6052.66
301.0,965338200,7.77335,7.28402,6.9345,0.0,0.0,0.0,5337.39
302.0,965339100,7.28402,6.9345,6.9345,0.0,0.0,0.0,4912.3
303.0,965340000,6.9345,6.9345,6.9345,0.0,0.0,0.0,4893.04
304.0,965340900,6.9345,6.9345,6.9345,0.0,0.0,0.0,4895.58
305.0,965341800,6.9345,6.9345,6.9345,0.0,0.0,0.28105,4898.46
306.0,965342700,6.9345,6.9345,6.9345,0.0,0.28105,0.71955,4906.89
307.0,965343600,6.9345,6.9345,6.9345,0.28105,0.71955,1.41129,4920.19
308.0,965344500,6.9345,6.9345,6.9345,0.71955,1.41129,2.35626,4942.23
309.0,965345400,6.9345,6.9345,6.9345,1.41129,2.35626,3.55446,4967.21
310.0,965346300,6.9345,6.9345,6.9345,2.35626,3.55446,5.17177,4993.06
311.0,965347200,6.9345,6.9345,6.9345,3.55446,5.17177,6.93173,5036.1
312.0,965348100,6.9345,6.9345,6.9345,5.17177,6.93173,8.83432,5077.98
313.0,965349000,6.9345,6.9345,6.9345,6.93173,8.83432,10.8795,5122.68
314.0,965349900,6.9345,6.9345,6.9345,8.83432,10.8795,12.7192,5166.96
315.0,965350800,6.9345,6.9345,6.9345,10.8795,12.7192,14.9336,5213.54
316.0,965351700,6.9345,6.9345,6.9345,12.7192,14.9336,17.5228,5274.89
317.0,965352600,6.9345,6.9345,6.9345,14.9336,17.5228,20.4868,5327.43
318.0,965353500,6.9345,6.9345,6.49411,17.5228,20.4868,23.4631,5381.02
319.0,965354400,6.9345,6.49411,6.34731,20.4868,23.4631,27.0558,5045.28
320.0,965355300,6.49411,6.34731,6.49411,23.4631,27.0558,31.2651,4979.52
321.0,965356200,6.34731,6.49411,6.9345,27.0558,31.2651,36.0909,5206.74
322.0,965357100,6.49411,6.9345,8.67512,31.2651,36.0909,43.6445,5822.5
323.0,965358000,6.9345,8.67512,10.0383,36.0909,43.6445,50.407,8390.27
324.0,965358900,8.67512,10.0383,11.0239,43.6445,50.407,56.3787,8775.26
325.0,965359800,10.0383,11.0239,11.6321,50.407,56.3787,61.5593,8962.47
326.0,965360700,11.0239,11.6321,11.4853,56.3787,61.5593,65.1995,9112.61
327.0,965361600,11.6321,11.4853,11.2126,61.5593,65.1995,68.5484,9182.24
328.0,965362500,11.4853,11.2126,10.8142,65.1995,68.5484,71.6061,9241.38
329.0,965363400,11.2126,10.8142,10.2899,68.5484,71.6061,74.3725,9294.15
330.0,965364300,10.8142,10.2899,9.24134,71.6061,74.3725,77.3227,9340.58
331.0,965365200,10.2899,9.24134,8.33259,74.3725,77.3227,79.665,9387.35
332.0,965366100,9.24134,8.33259,7.56364,77.3227,79.665,81.3994,8965.82
333.0,965367000,8.33259,7.56364,6.9345,79.665,81.3994,82.5257,7855.17
334.0,965367900,7.56364,6.9345,6.1306,81.3994,82.5257,82.4131,7094.87
335.0,965368800,6.9345,6.1306,5.67623,82.5257,82.4131,82.1133,6288.89
336.0,965369700,6.1306,5.67623,5.57137,82.4131,82.1133,81.6261,5888.69
337.0,965370600,5.67623,5.57137,5.81603,82.1133,81.6261,80.9517,5786.91
338.0,965371500,5.57137,5.81603,7.45878,81.6261,80.9517,80.2969,5948.2
339.0,965372400,5.81603,7.45878,8.75201,80.9517,80.2969,79.3169,7516.77
340.0,965373300,7.45878,8.75201,9.69572,80.2969,79.3169,78.0118,9413.27
341.0,965374200,8.75201,9.69572,10.2899,79.3169,78.0118,76.3816,9406.3
342.0,965375100,9.69572,10.2899,9.67475,78.0118,76.3816,74.4647,9393.25
343.0,965376000,10.2899,9.67475,9.28329,76.3816,74.4647,72.197,9371.45
344.0,965376900,9.67475,9.28329,9.11552,74.4647,72.197,69.5786,9345.22
345.0,965377800,9.28329,9.11552,9.17144,72.197,69.5786,66.6095,9314.78
346.0,965378700,9.11552,9.17144,10.0173,69.5786,66.6095,62.7621,9280.1
347.0,965379600,9.17144,10.0173,10.7093,66.6095,62.7621,58.9157,9234.05
348.0,965380500,10.0173,10.7093,11.2476,62.7621,58.9157,55.0704,9188.07
349.0,965381400,10.7093,11.2476,11.6321,58.9157,55.0704,51.226,9142.82
350.0,965382300,11.2476,11.6321,11.7579,55.0704,51.226,47.4238,9098.3
351.0,965383200,11.6321,11.7579,11.7998,51.226,47.4238,43.5952,9062.39
352.0,965384100,11.7579,11.7998,11.7579,47.4238,43.5952,39.7403,9022.46
353.0,965385000,11.7998,11.7579,11.6321,43.5952,39.7403,35.859,8977.77
354.0,965385900,11.7579,11.6321,11.1707,39.7403,35.859,31.7197,8928.29
355.0,965386800,11.6321,11.1707,10.7932,35.859,31.7197,27.7085,8880.58
356.0,965387700,11.1707,10.7932,10.4996,31.7197,27.7085,23.8254,8824.16
357.0,965388600,10.7932,10.4996,10.2899,27.7085,23.8254,20.0704,8758.35
358.0,965389500,10.4996,10.2899,10.2899,23.8254,20.0704,15.8543,8683.24
359.0,965390400,10.2899,10.2899,10.2899,20.0704,15.8543,12.1591,8634.17
360.0,965391300,10.2899,10.2899,10.2899,15.8543,12.1591,8.9849,8554.32
361.0,965392200,10.2899,10.2899,10.2899,12.1591,8.9849,6.33173,8440.17
362.0,965393100,10.2899,10.2899,10.3948,8.9849,6.33173,4.56165,8291.66
363.0,965394000,10.2899,10.3948,10.4297,6.33173,4.56165,3.07117,7979.04
364.0,965394900,10.3948,10.4297,10.3948,4.56165,3.07117,1.8603,7709.69
365.0,965395800,10.4297,10.3948,10.2899,3.07117,1.8603,0.92903,7496.03
366.0,965396700,10.3948,10.2899,9.80058,1.8603,0.92903,0.60968,7375.0
367.0,965397600,10.2899,9.80058,9.45106,0.92903,0.60968,0.34839,7314.78
368.0,965398500,9.80058,9.45106,9.24134,0.60968,0.34839,0.14516,7301.96
369.0,965399400,9.45106,9.24134,9.17144,0.34839,0.14516,0.0,7288.78
370.0,965400300,9.24134,9.17144,9.43008,0.14516,0.0,0.0,7280.07
371.0,965401200,9.17144,9.43008,9.70271,0.0,0.0,0.0,7279.64
372.0,965402100,9.43008,9.70271,9.98932,0.0,0.0,0.0,7279.64
373.0,965403000,9.70271,9.98932,10.2899,0.0,0.0,0.0,7279.64
374.0,965403900,9.98932,10.2899,10.5416,0.0,0.0,0.0,7279.64
375.0,965404800,10.2899,10.5416,10.8491,0.0,0.0,0.0,7277.94
376.0,965405700,10.5416,10.8491,11.2126,0.0,0.0,0.0,7277.27
377.0,965406600,10.8491,11.2126,11.6321,0.0,0.0,0.0,7277.65
378.0,965407500,11.2126,11.6321,12.9463,0.0,0.0,0.0,7279.49
379.0,965408400,11.6321,12.9463,13.7572,0.0,0.0,0.0,7284.65
380.0,965409300,12.9463,13.7572,14.0647,0.0,0.0,0.0,7289.18
381.0,965410200,13.7572,14.0647,13.869,0.0,0.0,0.0,7294.37
382.0,965411100,14.0647,13.869,11.8697,0.0,0.0,0.0,7298.27
383.0,965412000,13.869,11.8697,10.234,0.0,0.0,0.0,7299.74
384.0,965412900,11.8697,10.234,8.96173,0.0,0.0,0.0,7301.51
385.0,965413800,10.234,8.96173,8.05297,0.0,0.0,0.0,7304.11
386.0,965414700,8.96173,8.05297,8.26268,0.0,0.0,0.0,6474.06
387.0,965415600,8.05297,8.26268,8.33259,0.0,0.0,0.0,6617.81
388.0,965416500,8.26268,8.33259,8.26268,0.0,0.0,0.0,6764.47
389.0,965417400,8.33259,8.26268,8.05297,0.0,0.0,0.0,6672.06
390.0,965418300,8.26268,8.05297,7.28402,0.0,0.0,0.0,6365.9
391.0,965419200,8.05297,7.28402,6.65489,0.0,0.0,0.0,5346.73
392.0,965420100,7.28402,6.65489,6.16556,0.0,0.0,0.0,4614.21
393.0,965421000,6.65489,6.16556,5.81603,0.0,0.0,0.0,4127.93
394.0,965421900,6.16556,5.81603,6.36129,0.0,0.0,0.0,3821.06
395.0,965422800,5.81603,6.36129,6.54304,0.0,0.0,0.0,4264.82
396.0,965423700,6.36129,6.54304,6.36129,0.0,0.0,0.0,4467.17
397.0,965424600,6.54304,6.36129,5.81603,0.0,0.0,0.0,4338.26
398.0,965425500,6.36129,5.81603,3.06181,0.0,0.0,0.0,3853.97
399.0,965426400,5.81603,3.06181,1.17439,0.0,0.0,0.0,2489.11
400.0,965427300,3.06181,1.17439,0.15379,0.0,0.0,0.0,2400.0
401.0,965428200,1.17439,0.15379,0.0,0.0,0.0,0.27961,2400.0
402.0,965429100,0.15379,0.0,2.97792,0.0,0.27961,0.69717,2409.64
403.0,965430000,0.0,2.97792,5.31272,0.27961,0.69717,1.39615,2448.05
404.0,965430900,2.97792,5.31272,7.00441,0.69717,1.39615,2.37654,3432.52
405.0,965431800,5.31272,7.00441,8.05297,1.39615,2.37654,3.63836,4992.67
406.0,965432700,7.00441,8.05297,6.96945,2.37654,3.63836,4.33084,6450.37
407.0,965433600,8.05297,6.96945,6.23546,3.63836,4.33084,5.87192,5146.26
408.0,965434500,6.96945,6.23546,5.85099,4.33084,5.87192,8.26158,4410.44
409.0,965435400,6.23546,5.85099,5.81603,5.87192,8.26158,11.4998,4091.54
410.0,965436300,5.85099,5.81603,7.28402,8.26158,11.4998,17.3405,4099.62
411.0,965437200,5.81603,7.28402,8.33259,11.4998,17.3405,22.8605,5570.58
412.0,965438100,7.28402,8.33259,8.96173,17.3405,22.8605,28.06,7600.89
413.0,965439000,8.33259,8.96173,9.17144,22.8605,28.06,32.9388,8475.5
414.0,965439900,8.96173,9.17144,7.70345,28.06,32.9388,37.2221,8645.67
415.0,965440800,9.17144,7.70345,6.65489,32.9388,37.2221,41.3681,7343.8
416.0,965441700,7.70345,6.65489,6.02575,37.2221,41.3681,45.3768,6144.61
417.0,965442600,6.65489,6.02575,5.81603,41.3681,45.3768,49.2481,5519.48
418.0,965443500,6.02575,5.81603,6.96945,45.3768,49.2481,53.0986,5387.45
419.0,965444400,5.81603,6.96945,7.91316,49.2481,53.0986,56.7342,6506.4
420.0,965445300,6.96945,7.91316,8.64716,53.0986,56.7342,60.1549,7793.57
421.0,965446200,7.91316,8.64716,9.17144,56.7342,60.1549,63.3607,9026.05
422.0,965447100,8.64716,9.17144,9.2763,60.1549,63.3607,66.2901,9191.09
423.0,965448000,9.17144,9.2763,9.31125,63.3607,66.2901,69.0456,9226.41
424.0,965448900,9.2763,9.31125,9.2763,66.2901,69.0456,71.6272,9258.42
425.0,965449800,9.31125,9.2763,9.17144,69.0456,71.6272,74.0349,9288.53
426.0,965450700,9.2763,9.17144,8.68211,71.6272,74.0349,76.8766,9316.74
427.0,965451600,9.17144,8.68211,8.33259,74.0349,76.8766,79.1391,9350.54
428.0,965452500,8.68211,8.33259,8.12287,76.8766,79.1391,80.8225,8865.2
429.0,965453400,8.33259,8.12287,8.05297,79.1391,80.8225,81.9268,8550.78
430.0,965454300,8.12287,8.05297,8.5423,80.8225,81.9268,81.8707,8448.31
431.0,965455200,8.05297,8.5423,8.89182,81.9268,81.8707,81.6229,9158.2
432.0,965456100,8.5423,8.89182,9.10153,81.8707,81.6229,81.1836,9404.66
433.0,965457000,8.89182,9.10153,9.17144,81.6229,81.1836,80.5526,9399.16
434.0,965457900,9.10153,9.17144,8.57725,81.1836,80.5526,79.8844,9392.57
435.0,965458800,9.17144,8.57725,8.19278,80.5526,79.8844,78.9218,9295.94
436.0,965459700,8.57725,8.19278,8.01802,79.8844,78.9218,77.6646,8656.88
437.0,965460600,8.19278,8.01802,8.05297,78.9218,77.6646,76.113,8368.56
438.0,965461500,8.01802,8.05297,8.92677,77.6646,76.113,74.4108,8386.47
439.0,965462400,8.05297,8.92677,9.59086,76.113,74.4108,72.3182,9342.9
440.0,965463300,8.92677,9.59086,10.0452,74.4108,72.3182,69.8352,9324.67
441.0,965464200,9.59086,10.0452,10.2899,72.3182,69.8352,66.9617,9300.43
442.0,965465100,10.0452,10.2899,9.90543,69.8352,66.9617,63.1593,9270.15
443.0,965466000,10.2899,9.90543,9.59086,66.9617,63.1593,59.3254,9225.23
444.0,965466900,9.90543,9.59086,9.3462,63.1593,59.3254,55.4602,9179.47
445.0,965467800,9.59086,9.3462,9.17144,59.3254,55.4602,51.5636,9133.69
446.0,965468700,9.3462,9.17144,9.06658,55.4602,51.5636,47.6199,9087.86
447.0,965469600,9.17144,9.06658,9.03163,51.5636,47.6199,43.6553,9050.28
448.0,965470500,9.06658,9.03163,9.06658,47.6199,43.6553,39.6699,9007.64
449.0,965471400,9.03163,9.06658,9.17144,43.6553,39.6699,35.6636,8959.17
450.0,965472300,9.06658,9.17144,9.55591,39.6699,35.6636,31.3531,8904.84
451.0,965473200,9.17144,9.55591,9.87048,35.6636,31.3531,27.2106,8850.08
452.0,965474100,9.55591,9.87048,10.1151,31.3531,27.2106,23.2362,8786.17
453.0,965475000,9.87048,10.1151,10.2899,27.2106,23.2362,19.4298,8712.56
454.0,965475900,10.1151,10.2899,10.1641,23.2362,19.4298,15.2554,8629.26
455.0,965476800,10.2899,10.1641,10.1221,19.4298,15.2554,11.6064,8559.79
456.0,965477700,10.1641,10.1221,10.1641,15.2554,11.6064,8.48262,8466.39
457.0,965478600,10.1221,10.1641,10.2899,11.6064,8.48262,5.88415,8346.62
458.0,965479500,10.1641,10.2899,10.6464,8.48262,5.88415,4.18664,8200.68
459.0,965480400,10.2899,10.6464,10.9889,5.88415,4.18664,2.76398,7921.85
460.0,965481300,10.6464,10.9889,11.3175,4.18664,2.76398,1.61617,7680.37
461.0,965482200,10.9889,11.3175,11.6321,2.76398,1.61617,0.74322,7486.62
462.0,965483100,11.3175,11.6321,11.702,1.61617,0.74322,0.48774,7340.83
463.0,965484000,11.6321,11.702,11.9117,0.74322,0.48774,0.27871,7302.71
464.0,965484900,11.702,11.9117,12.2612,0.48774,0.27871,0.11613,7276.97
465.0,965485800,11.9117,12.2612,12.7505,0.27871,0.11613,0.0,7257.99
466.0,965486700,12.2612,12.7505,14.2185,0.11613,0.0,0.0,7245.76
467.0,965487600,12.7505,14.2185,15.2671,0.0,0.0,0.0,7250.11
468.0,965488500,14.2185,15.2671,15.8962,0.0,0.0,0.0,7255.29
469.0,965489400,15.2671,15.8962,16.1059,0.0,0.0,0.0,7260.39
470.0,965490300,15.8962,16.1059,15.1832,0.0,0.0,0.0,7265.38
471.0,965491200,16.1059,15.1832,14.3164,0.0,0.0,0.0,7270.12
472.0,965492100,15.1832,14.3164,13.5055,0.0,0.0,0.0,7274.54
473.0,965493000,14.3164,13.5055,12.7505,0.0,0.0,0.0,7279.29
474.0,965493900,13.5055,12.7505,11.7789,0.0,0.0,0.0,7284.36
475.0,965494800,12.7505,11.7789,11.0449,0.0,0.0,0.0,7290.05
476.0,965495700,11.7789,11.0449,10.5486,0.0,0.0,0.0,7294.88
477.0,965496600,11.0449,10.5486,10.2899,0.0,0.0,0.0,7299.7
478.0,965497500,10.5486,10.2899,10.7513,0.0,0.0,0.0,7303.32
479.0,965498400,10.2899,10.7513,11.1288,0.0,0.0,0.0,7305.67
480.0,965499300,10.7513,11.1288,11.4224,0.0,0.0,0.0,7307.79
481.0,965500200,11.1288,11.4224,11.6321,0.0,0.0,0.0,7309.87
482.0,965501100,11.4224,11.6321,11.5272,0.0,0.0,0.0,7312.37
483.0,965502000,11.6321,11.5272,11.4923,0.0,0.0,0.0,7315.47
484.0,965502900,11.5272,11.4923,11.5272,0.0,0.0,0.0,7318.29
485.0,965503800,11.4923,11.5272,11.6321,0.0,0.0,0.0,7320.78
486.0,965504700,11.5272,11.6321,12.0165,0.0,0.0,0.0,7322.92
487.0,965505600,11.6321,12.0165,12.3311,0.0,0.0,0.0,7324.69
488.0,965506500,12.0165,12.3311,12.5758,0.0,0.0,0.0,7326.05
489.0,965507400,12.3311,12.5758,12.7505,0.0,0.0,0.0,7327.14
490.0,965508300,12.5758,12.7505,13.2958,0.0,0.0,0.0,7328.08
491.0,965509200,12.7505,13.2958,13.4775,0.0,0.0,0.0,7327.38
492.0,965510100,13.2958,13.4775,13.2958,0.0,0.0,0.0,7327.03
493.0,965511000,13.4775,13.2958,12.7505,0.0,0.0,0.0,7327.23
494.0,965511900,13.2958,12.7505,10.7513,0.0,0.0,0.0,7328.05
495.0,965512800,12.7505,10.7513,9.11552,0.0,0.0,0.0,7332.7
496.0,965513700,10.7513,9.11552,7.84326,0.0,0.0,0.0,7335.9
497.0,965514600,9.11552,7.84326,6.9345,0.0,0.0,0.27894,6147.22
498.0,965515500,7.84326,6.9345,6.72479,0.0,0.27894,1.2301,5127.28
499.0,965516400,6.9345,6.72479,6.65489,0.27894,1.2301,2.57412,4839.82
500.0,965517300,6.72479,6.65489,6.72479,1.2301,2.57412,4.311,4913.28
501.0,965518200,6.65489,6.72479,6.9345,2.57412,4.311,6.44076,5121.56
502.0,965519100,6.72479,6.9345,7.70345,4.311,6.44076,9.64495,5499.45
503.0,965520000,6.9345,7.70345,8.33259,6.44076,9.64495,12.7876,6419.35
504.0,965520900,7.70345,8.33259,8.82192,9.64495,12.7876,15.8688,7629.6
505.0,965521800,8.33259,8.82192,9.17144,12.7876,15.8688,18.8884,8331.57
506.0,965522700,8.82192,9.17144,8.8359,15.8688,18.8884,21.2661,8403.06
507.0,965523600,9.17144,8.8359,8.72405,18.8884,21.2661,23.9692,8363.6
508.0,965524500,8.8359,8.72405,8.8359,21.2661,23.9692,26.9978,8341.02
509.0,965525400,8.72405,8.8359,9.17144,23.9692,26.9978,30.352,8342.55
510.0,965526300,8.8359,9.17144,10.6324,26.9978,30.352,34.563,8368.19
511.0,965527200,9.17144,10.6324,11.716,30.352,34.563,38.7453,8444.91
512.0,965528100,10.6324,11.716,12.422,34.563,38.7453,42.8989,8529.35
513.0,965529000,11.716,12.422,12.7505,38.7453,42.8989,47.0236,8618.94
514.0,965529900,12.422,12.7505,12.0096,42.8989,47.0236,51.6486,8713.67
515.0,965530800,12.7505,12.0096,11.3525,47.0236,51.6486,55.8922,8849.92
516.0,965531700,12.0096,11.3525,10.7792,51.6486,55.8922,59.7542,8969.24
517.0,965532600,11.3525,10.7792,10.2899,55.8922,59.7542,63.2348,9068.18
518.0,965533500,10.7792,10.2899,9.67475,59.7542,63.2348,66.0051,9146.86
519.0,965534400,10.2899,9.67475,9.28329,63.2348,66.0051,68.613,9177.04
520.0,965535300,9.67475,9.28329,9.11552,66.0051,68.613,71.0586,9204.08
521.0,965536200,9.28329,9.11552,9.17144,68.613,71.0586,73.3419,9230.67
522.0,965537100,9.11552,9.17144,9.91242,71.0586,73.3419,76.0418,9256.79
523.0,965538000,9.17144,9.91242,10.5695,73.3419,76.0418,78.1934,9293.11
524.0,965538900,9.91242,10.5695,11.1427,76.0418,78.1934,79.7968,9322.53
525.0,965539800,10.5695,11.1427,11.6321,78.1934,79.7968,80.8518,9344.09
526.0,965540700,11.1427,11.6321,12.0165,79.7968,80.8518,80.8859,9357.76
527.0,965541600,11.6321,12.0165,12.3311,80.8518,80.8859,80.6869,9355.5
528.0,965542500,12.0165,12.3311,12.5758,80.8859,80.6869,80.2547,9350.25
529.0,965543400,12.3311,12.5758,12.7505,80.6869,80.2547,79.5894,9342.75
530.0,965544300,12.5758,12.7505,12.8554,80.2547,79.5894,78.7565,9333.07
531.0,965545200,12.7505,12.8554,12.8903,79.5894,78.7565,77.6468,9321.14
532.0,965546100,12.8554,12.8903,12.8554,78.7565,77.6468,76.2602,9307.03
533.0,965547000,12.8903,12.8554,12.7505,77.6468,76.2602,74.5966,9290.73
534.0,965547900,12.8554,12.7505,12.3661,76.2602,74.5966,72.7669,9272.21
535.0,965548800,12.7505,12.3661,12.0515,74.5966,72.7669,70.5864,9255.08
536.0,965549700,12.3661,12.0515,11.8068,72.7669,70.5864,68.0553,9233.56
537.0,965550600,12.0515,11.8068,11.6321,70.5864,68.0553,65.1735,9207.31
538.0,965551500,11.8068,11.6321,11.7579,68.0553,65.1735,61.4965,9176.28
539.0,965552400,11.6321,11.7579,11.7998,65.1735,61.4965,57.7652,9137.17
540.0,965553300,11.7579,11.7998,11.7579,61.4965,57.7652,53.9793,9095.27
541.0,965554200,11.7998,11.7579,11.6321,57.7652,53.9793,50.1391,9050.9
542.0,965555100,11.7579,11.6321,11.0449,53.9793,50.1391,46.1578,9004.08
543.0,965556000,11.6321,11.0449,10.6254,50.1391,46.1578,42.1797,8961.06
544.0,965556900,11.0449,10.6254,10.3738,46.1578,42.1797,38.2049,8911.78
545.0,965557800,10.6254,10.3738,10.2899,42.1797,38.2049,34.2334,8855.61
546.0,965558700,10.3738,10.2899,10.7513,38.2049,34.2334,29.9381,8792.56
547.0,965559600,10.2899,10.7513,11.1288,34.2334,29.9381,25.8641,8723.44
548.0,965560500,10.7513,11.1288,11.4224,29.9381,25.8641,22.0114,8646.91
549.0,965561400,11.1288,11.4224,11.6321,25.8641,22.0114,18.3801,8562.86
550.0,965562300,11.4224,11.6321,11.6321,22.0114,18.3801,14.6383,8471.17
551.0,965563200,11.6321,11.6321,11.6321,18.3801,14.6383,11.339,8389.78
552.0,965564100,11.6321,11.6321,11.6321,14.6383,11.339,8.48221,8290.11
553.0,965565000,11.6321,11.6321,11.6321,11.339,8.48221,6.06796,8170.38
554.0,965565900,11.6321,11.6321,11.6321,8.48221,6.06796,4.34791,8030.58
555.0,965566800,11.6321,11.6321,11.6321,6.06796,4.34791,2.90258,7777.96
556.0,965567700,11.6321,11.6321,11.6321,4.34791,2.90258,1.73199,7560.84
557.0,965568600,11.6321,11.6321,11.6321,2.90258,1.73199,0.83613,7388.2
558.0,965569500,11.6321,11.6321,11.2126,1.73199,0.83613,0.54871,7260.29
559.0,965570400,11.6321,11.2126,11.0728,0.83613,0.54871,0.31355,7240.19
560.0,965571300,11.2126,11.0728,11.2126,0.54871,0.31355,0.13065,7221.3
561.0,965572200,11.0728,11.2126,11.6321,0.31355,0.13065,0.0,7210.29
562.0,965573100,11.2126,11.6321,13.7152,0.13065,0.0,0.0,7203.29
563.0,965574000,11.6321,13.7152,15.1552,0.0,0.0,0.0,7206.42
564.0,965574900,13.7152,15.1552,15.9522,0.0,0.0,0.0,7210.69
565.0,965575800,15.1552,15.9522,16.1059,0.0,0.0,0.0,7215.59
566.0,965576700,15.9522,16.1059,14.1067,0.0,0.0,0.0,7220.75
567.0,965577600,16.1059,14.1067,12.4709,0.0,0.0,0.0,7228.92
568.0,965578500,14.1067,12.4709,11.1987,0.0,0.0,0.0,7237.16
569.0,965579400,12.4709,11.1987,10.2899,0.0,0.0,0.0,7242.28
570.0,965580300,11.1987,10.2899,10.0592,0.0,0.0,0.0,7250.05
571.0,965581200,10.2899,10.0592,9.98233,0.0,0.0,0.0,7255.45
572.0,965582100,10.0592,9.98233,10.0592,0.0,0.0,0.0,7260.07
573.0,965583000,9.98233,10.0592,10.2899,0.0,0.0,0.0,7263.61
574.0,965583900,10.0592,10.2899,11.7859,0.0,0.0,0.0,7265.62
575.0,965584800,10.2899,11.7859,12.6946,0.0,0.0,0.0,7260.57
576.0,965585700,11.7859,12.6946,13.0162,0.0,0.0,0.0,7257.43
577.0,965586600,12.6946,13.0162,12.7505,0.0,0.0,0.0,7257.37
578.0,965587500,13.0162,12.7505,9.94738,0.0,0.0,0.0,7260.39
579.0,965588400,12.7505,9.94738,7.85724,0.0,0.0,0.0,7276.24
580.0,965589300,9.94738,7.85724,6.48012,0.0,0.0,0.0,6370.11
581.0,965590200,7.85724,6.48012,5.81603,0.0,0.0,0.0,4455.3
582.0,965591100,6.48012,5.81603,7.2281,0.0,0.0,0.0,3858.48
583.0,965592000,5.81603,7.2281,8.44443,0.0,0.0,0.0,5096.33
584.0,965592900,7.2281,8.44443,9.46504,0.0,0.0,0.0,6796.07
585.0,965593800,8.44443,9.46504,10.2899,0.0,0.0,0.0,7284.18
586.0,965594700,9.46504,10.2899,11.0868,0.0,0.0,0.0,7284.53
587.0,965595600,10.2899,11.0868,11.5761,0.0,0.0,0.0,7297.82
588.0,965596500,11.0868,11.5761,11.7579,0.0,0.0,0.0,7307.6
589.0,965597400,11.5761,11.7579,11.6321,0.0,0.0,0.0,7318.42
590.0,965598300,11.7579,11.6321,10.5066,0.0,0.0,0.0,7322.89
591.0,965599200,11.6321,10.5066,9.53494,0.0,0.0,0.0,7317.23
592.0,965600100,10.5066,9.53494,8.71706,0.0,0.0,0.0,7311.65
593.0,965601000,9.53494,8.71706,8.05297,0.0,0.0,0.0929,7307.54
594.0,965601900,8.71706,8.05297,7.45878,0.0,0.0929,0.84902,6504.1
595.0,965602800,8.05297,7.45878,7.07431,0.0929,0.84902,2.00243,5668.64
596.0,965603700,7.45878,7.07431,6.89955,0.84902,2.00243,3.55313,5307.23
597.0,965604600,7.07431,6.89955,6.9345,2.00243,3.55313,5.50113,5217.06
598.0,965605500,6.89955,6.9345,7.80831,3.55313,5.50113,8.09406,5348.11
599.0,965606400,6.9345,7.80831,8.4724,5.50113,8.09406,10.9192,6452.95
600.0,965607300,7.80831,8.4724,8.92677,8.09406,10.9192,13.9765,7675.43
601.0,965608200,8.4724,8.92677,9.17144,10.9192,13.9765,17.2661,8154.6
602.0,965609100,8.92677,9.17144,8.89182,13.9765,17.2661,21.0277,8256.42
603.0,965610000,9.17144,8.89182,8.6122,17.2661,21.0277,24.8616,8319.85
604.0,965610900,8.89182,8.6122,8.33259,21.0277,24.8616,28.7678,8321.63
605.0,965611800,8.6122,8.33259,8.05297,24.8616,28.7678,32.7463,7928.3
606.0,965612700,8.33259,8.05297,7.2281,28.7678,32.7463,37.3083,7570.34
607.0,965613600,8.05297,7.2281,6.76673,32.7463,37.3083,41.6017,6587.1
608.0,965614500,7.2281,6.76673,6.66887,37.3083,41.6017,45.6266,6125.16
609.0,965615400,6.76673,6.66887,6.9345,41.6017,45.6266,49.383,6081.73
610.0,965616300,6.66887,6.9345,8.77997,45.6266,49.383,52.7103,6415.14
611.0,965617200,6.9345,8.77997,10.1781,49.383,52.7103,55.8761,8924.14
612.0,965618100,8.77997,10.1781,11.1288,52.7103,55.8761,58.8803,8989.01
613.0,965619000,10.1781,11.1288,11.6321,55.8761,58.8803,61.7228,9045.02
614.0,965619900,11.1288,11.6321,10.4507,58.8803,61.7228,64.2877,9092.16
615.0,965620800,11.6321,10.4507,9.64679,61.7228,64.2877,66.7684,9114.61
616.0,965621700,10.4507,9.64679,9.22037,64.2877,66.7684,69.1649,9137.78
617.0,965622600,9.64679,9.22037,9.17144,66.7684,69.1649,71.4771,9163.19
618.0,965623500,9.22037,9.17144,10.4018,69.1649,71.4771,74.4292,9190.83
619.0,965624400,9.17144,10.4018,11.4084,71.4771,74.4292,76.8143,9236.32
620.0,965625300,10.4018,11.4084,12.1913,74.4292,76.8143,78.6324,9274.58
621.0,965626200,11.4084,12.1913,12.7505,76.8143,78.6324,79.8835,9304.16
622.0,965627100,12.1913,12.7505,12.6457,78.6324,79.8835,80.1254,9325.07
623.0,965628000,12.7505,12.6457,12.6107,79.8835,80.1254,80.0951,9328.56
624.0,965628900,12.6457,12.6107,12.6457,80.1254,80.0951,79.7928,9328.64
625.0,965629800,12.6107,12.6457,12.7505,80.0951,79.7928,79.2183,9326.17
626.0,965630700,12.6457,12.7505,13.4706,79.7928,79.2183,78.3461,9321.13
627.0,965631600,12.7505,13.4706,13.897,79.2183,78.3461,77.2189,9313.27
628.0,965632500,13.4706,13.897,14.0298,78.3461,77.2189,75.8368,9303.0
629.0,965633400,13.897,14.0298,13.869,77.2189,75.8368,74.1997,9290.35
630.0,965634300,14.0298,13.869,12.408,75.8368,74.1997,72.5304,9275.29
631.0,965635200,13.869,12.408,11.3245,74.1997,72.5304,70.4576,9264.2
632.0,965636100,12.408,11.3245,10.6185,72.5304,70.4576,67.9814,9246.89
633.0,965637000,11.3245,10.6185,10.2899,70.4576,67.9814,65.1017,9222.75
634.0,965637900,10.6185,10.2899,11.2406,67.9814,65.1017,61.1602,9191.77
635.0,965638800,10.2899,11.2406,11.9676,65.1017,61.1602,57.2542,9143.08
636.0,965639700,11.2406,11.9676,12.4709,61.1602,57.2542,53.3836,9094.1
637.0,965640600,11.9676,12.4709,12.7505,57.2542,53.3836,49.5484,9045.83
638.0,965641500,12.4709,12.7505,11.9466,53.3836,49.5484,45.9088,8998.26
639.0,965642400,12.7505,11.9466,11.4923,49.5484,45.9088,42.1979,8961.27
640.0,965643300,11.9466,11.4923,11.3874,45.9088,42.1979,38.4157,8919.05
641.0,965644200,11.4923,11.3874,11.6321,42.1979,38.4157,34.562,8870.68
642.0,965645100,11.3874,11.6321,13.8201,38.4157,34.562,30.2461,8816.16
643.0,965646000,11.6321,13.8201,15.2951,34.562,30.2461,26.1194,8759.54
644.0,965646900,13.8201,15.2951,16.057,30.2461,26.1194,22.1819,8694.28
645.0,965647800,15.2951,16.057,16.1059,26.1194,22.1819,18.4336,8619.95
646.0,965648700,16.057,16.1059,13.3867,22.1819,18.4336,14.3601,8536.54
647.0,965649600,16.1059,13.3867,11.3245,18.4336,14.3601,10.8186,8468.26
648.0,965650500,13.3867,11.3245,9.91941,14.3601,10.8186,7.80923,8376.22
649.0,965651400,11.3245,9.91941,9.17144,10.8186,7.80923,5.33191,8258.06
650.0,965652300,9.91941,9.17144,10.5066,7.80923,5.33191,3.82423,8113.71
651.0,965653200,9.17144,10.5066,11.5482,5.33191,3.82423,2.55688,7835.87
652.0,965654100,10.5066,11.5482,12.2962,3.82423,2.55688,1.52988,7596.11
653.0,965655000,11.5482,12.2962,12.7505,2.55688,1.52988,0.74322,7404.88
654.0,965655900,12.2962,12.7505,12.0515,1.52988,0.74322,0.48774,7262.42
655.0,965656800,12.7505,12.0515,11.6321,0.74322,0.48774,0.27871,7230.66
656.0,965657700,12.0515,11.6321,11.4923,0.48774,0.27871,0.11613,7210.67
657.0,965658600,11.6321,11.4923,11.6321,0.27871,0.11613,0.0,7196.6
658.0,965659500,11.4923,11.6321,13.1001,0.11613,0.0,0.0,7188.47
659.0,965660400,11.6321,13.1001,14.1486,0.0,0.0,0.0,7195.68
660.0,965661300,13.1001,14.1486,14.7778,0.0,0.0,0.0,7203.18
661.0,965662200,14.1486,14.7778,14.9875,0.0,0.0,0.0,7210.06
662.0,965663100,14.7778,14.9875,14.1696,0.0,0.0,0.0,7216.33
663.0,965664000,14.9875,14.1696,13.3377,0.0,0.0,0.0,7220.16
664.0,965664900,14.1696,13.3377,12.4919,0.0,0.0,0.0,7224.16
665.0,965665800,13.3377,12.4919,11.6321,0.0,0.0,0.0,7229.41
666.0,965666700,12.4919,11.6321,10.5066,0.0,0.0,0.0,7235.0
667.0,965667600,11.6321,10.5066,9.53494,0.0,0.0,0.0,7245.02
668.0,965668500,10.5066,9.53494,8.71706,0.0,0.0,0.0,7252.29
669.0,965669400,9.53494,8.71706,8.05297,0.0,0.0,0.0,7260.61
670.0,965670300,8.71706,8.05297,7.56364,0.0,0.0,0.0,6469.08
671.0,965671200,8.05297,7.56364,7.21412,0.0,0.0,0.0,5639.81
672.0,965672100,7.56364,7.21412,7.00441,0.0,0.0,0.0,5185.62
673.0,965673000,7.21412,7.00441,6.9345,0.0,0.0,0.0,4953.15
674.0,965673900,7.00441,6.9345,7.42383,0.0,0.0,0.0,4848.31
675.0,965674800,6.9345,7.42383,7.77335,0.0,0.0,0.0,5382.79
676.0,965675700,7.42383,7.77335,7.98307,0.0,0.0,0.0,5854.72
677.0,965676600,7.77335,7.98307,8.05297,0.0,0.0,0.0,6118.89
678.0,965677500,7.98307,8.05297,7.77335,0.0,0.0,0.0,6287.52
679.0,965678400,8.05297,7.77335,7.49374,0.0,0.0,0.0,5924.15
680.0,965679300,7.77335,7.49374,7.21412,0.0,0.0,0.0,5556.55
681.0,965680200,7.49374,7.21412,6.9345,0.0,0.0,0.0,5212.0
682.0,965681100,7.21412,6.9345,6.78071,0.0,0.0,0.0,4910.84
683.0,965682000,6.9345,6.78071,6.54304,0.0,0.0,0.0,4729.26
684.0,965682900,6.78071,6.54304,6.22148,0.0,0.0,0.0,4493.35
685.0,965683800,6.54304,6.22148,5.81603,0.0,0.0,0.0,4171.81
686.0,965684700,6.22148,5.81603,4.73951,0.0,0.0,0.0,3897.98
687.0,965685600,5.81603,4.73951,3.97056,0.0,0.0,0.0,3147.47
688.0,965686500,4.73951,3.97056,3.50919,0.0,0.0,0.0,2740.31
689.0,965687400,3.97056,3.50919,3.3554,0.0,0.0,0.0,2538.06
690.0,965688300,3.50919,3.3554,4.3061,0.0,0.0,0.80161,2480.12
691.0,965689200,3.3554,4.3061,5.03311,0.0,0.80161,2.01512,2899.04
692.0,965690100,4.3061,5.03311,5.53642,0.80161,2.01512,3.64055,3514.77
693.0,965691000,5.03311,5.53642,5.81603,2.01512,3.64055,5.6779,3970.08
694.0,965691900,5.53642,5.81603,5.3267,3.64055,5.6779,9.27402,4334.9
695.0,965692800,5.81603,5.3267,4.97718,5.6779,9.27402,12.5175,4182.69
696.0,965693700,5.3267,4.97718,4.76747,9.27402,12.5175,15.4083,4081.56
697.0,965694600,4.97718,4.76747,4.69757,12.5175,15.4083,17.9464,4048.08
698.0,965695500,4.76747,4.69757,4.97718,15.4083,17.9464,20.8078,4061.48
699.0,965696400,4.69757,4.97718,5.2568,17.9464,20.8078,22.8659,4196.72
700.0,965697300,4.97718,5.2568,5.53642,20.8078,22.8659,24.1207,4341.24
701.0,965698200,5.2568,5.53642,5.81603,22.8659,24.1207,24.5722,4489.1
702.0,965699100,5.53642,5.81603,6.09565,24.1207,24.5722,21.2777,4641.54
703.0,965700000,5.81603,6.09565,6.37527,24.5722,21.2777,19.1418,4715.95
704.0,965700900,6.09565,6.37527,6.65489,21.2777,19.1418,18.1645,4848.45
705.0,965701800,6.37527,6.65489,6.9345,19.1418,18.1645,18.3459,5048.0
706.0,965702700,6.65489,6.9345,7.52869,18.1645,18.3459,20.4691,5315.56
707.0,965703600,6.9345,7.52869,7.91316,18.3459,20.4691,23.2288,6073.67
708.0,965704500,7.52869,7.91316,8.08792,20.4691,23.2288,26.6251,6695.05
709.0,965705400,7.91316,8.08792,8.05297,23.2288,26.6251,30.6578,7059.89
710.0,965706300,8.08792,8.05297,7.28402,26.6251,30.6578,39.4727,7126.14
711.0,965707200,8.05297,7.28402,6.65489,30.6578,39.4727,46.1604,6329.71
712.0,965708100,7.28402,6.65489,6.16556,39.4727,46.1604,50.7207,5765.86
713.0,965709000,6.65489,6.16556,5.81603,46.1604,50.7207,53.1537,5395.26
714.0,965709900,6.16556,5.81603,6.04672,50.7207,53.1537,48.4456,5148.98
715.0,965710800,5.81603,6.04672,6.12361,53.1537,48.4456,44.9527,5191.3
716.0,965711700,6.04672,6.12361,6.04672,48.4456,44.9527,42.675,5164.81
717.0,965712600,6.12361,6.04672,5.81603,44.9527,42.675,41.6123,5039.12
718.0,965713500,6.04672,5.81603,4.5298,42.675,41.6123,43.93,4822.36
719.0,965714400,5.81603,4.5298,3.69094,41.6123,43.93,46.0193,4070.62
720.0,965715300,4.5298,3.69094,3.29948,43.93,46.0193,47.8803,3743.32
721.0,965716200,3.69094,3.29948,3.3554,46.0193,47.8803,49.513,3653.12
722.0,965717100,3.29948,3.3554,4.86534,47.8803,49.513,51.2288,3708.64
723.0,965718000,3.3554,4.86534,6.15157,49.513,51.2288,52.5087,4360.12
724.0,965718900,4.86534,6.15157,7.21412,51.2288,52.5087,53.3526,5301.04
725.0,965719800,6.15157,7.21412,8.05297,52.5087,53.3526,53.7605,6408.78
726.0,965720700,7.21412,8.05297,8.5423,53.3526,53.7605,52.8653,7538.26
727.0,965721600,8.05297,8.5423,8.89182,53.7605,52.8653,52.1122,8288.04
728.0,965722500,8.5423,8.89182,9.10153,52.8653,52.1122,51.5013,8528.96
729.0,965723400,8.89182,9.10153,9.17144,52.1122,51.5013,51.0326,8545.3
730.0,965724300,9.10153,9.17144,8.89182,51.5013,51.0326,52.4208,8585.72
731.0,965725200,9.17144,8.89182,8.6122,51.0326,52.4208,52.808,8741.05
732.0,965726100,8.89182,8.6122,8.33259,52.4208,52.808,52.1943,8808.5
733.0,965727000,8.6122,8.33259,8.05297,52.808,52.1943,50.5797,8447.78
734.0,965727900,8.33259,8.05297,7.77335,52.1943,50.5797,46.3698,8077.02
735.0,965728800,8.05297,7.77335,7.49374,50.5797,46.3698,42.2219,7647.48
736.0,965729700,7.77335,7.49374,7.21412,46.3698,42.2219,38.1357,7233.1
737.0,965730600,7.49374,7.21412,6.9345,42.2219,38.1357,34.1114,6837.29
738.0,965731500,7.21412,6.9345,6.44517,38.1357,34.1114,29.987,6458.82
739.0,965732400,6.9345,6.44517,6.09565,34.1114,29.987,26.0324,5902.0
740.0,965733300,6.44517,6.09565,5.88594,29.987,26.0324,22.2475,5502.22
741.0,965734200,6.09565,5.88594,5.81603,26.0324,22.2475,18.6325,5237.08
742.0,965735100,5.88594,5.81603,6.30536,22.2475,18.6325,14.6999,5082.43
743.0,965736000,5.81603,6.30536,6.65489,18.6325,14.6999,11.2619,5387.41
744.0,965736900,6.30536,6.65489,6.8646,14.6999,11.2619,8.31863,5627.04
745.0,965737800,6.65489,6.8646,6.9345,11.2619,8.31863,5.86999,5731.48
746.0,965738700,6.8646,6.9345,6.55003,8.31863,5.86999,4.29928,5674.79
747.0,965739600,6.9345,6.55003,6.23546,5.86999,4.29928,2.9677,5041.89
748.0,965740500,6.55003,6.23546,5.9908,4.29928,2.9677,1.87525,4517.78
749.0,965741400,6.23546,5.9908,5.81603,2.9677,1.87525,1.02193,4123.37
750.0,965742300,5.9908,5.81603,5.50147,1.87525,1.02193,0.67064,3844.87
751.0,965743200,5.81603,5.50147,5.39661,1.02193,0.67064,0.38323,3600.19
752.0,965744100,5.50147,5.39661,5.50147,0.67064,0.38323,0.15968,3490.54
753.0,965745000,5.39661,5.50147,5.81603,0.38323,0.15968,0.0,3531.38
754.0,965745900,5.50147,5.81603,7.17917,0.15968,0.0,0.0,3755.96
755.0,965746800,5.81603,7.17917,8.19278,0.0,0.0,0.0,5021.08
756.0,965747700,7.17917,8.19278,8.85687,0.0,0.0,0.0,6401.75
757.0,965748600,8.19278,8.85687,9.17144,0.0,0.0,0.0,7257.18
758.0,965749500,8.85687,9.17144,8.19278,0.0,0.0,0.0,7262.73
759.0,965750400,9.17144,8.19278,7.49374,0.0,0.0,0.0,6588.02
760.0,965751300,8.19278,7.49374,7.07431,0.0,0.0,0.0,5567.96
761.0,965752200,7.49374,7.07431,6.9345,0.0,0.0,0.0,5055.43
762.0,965753100,7.07431,6.9345,7.59859,0.0,0.0,0.0,4854.64
763.0,965754000,6.9345,7.59859,8.19278,0.0,0.0,0.0,5613.36
764.0,965754900,7.59859,8.19278,8.71706,0.0,0.0,0.0,6470.11
765.0,965755800,8.19278,8.71706,9.17144,0.0,0.0,0.0,7305.32
766.0,965756700,8.71706,9.17144,9.43008,0.0,0.0,0.0,7311.52
767.0,965757600,9.17144,9.43008,9.70271,0.0,0.0,0.0,7315.87
768.0,965758500,9.43008,9.70271,9.98932,0.0,0.0,0.0,7320.33
