tstamp,windspeed,temperature,solarflux-2,solarflux-1,solarflux0,humidity-2,humidity-1,humidity0,clearingprice
965070000,9.31125,60.0145,0.0,0.0,0.0,0.8,0.80156,0.80375,0.14
965070900,9.13649,59.8064,0.0,0.0,0.0,0.80156,0.80375,0.80656,0.14
965071800,8.94775,59.542,0.0,0.0,0.0,0.80375,0.80656,0.81,0.14
965072700,8.68211,59.1201,0.0,0.0,0.0,0.80656,0.81,0.81406,0.14
965073600,8.44443,58.7095,0.0,0.0,0.0,0.81,0.81406,0.81875,0.14
965074500,8.23472,58.3101,0.0,0.0,0.0,0.81406,0.81875,0.82406,0.14
965075400,8.05297,57.922,0.0,0.0,0.0,0.81875,0.82406,0.83,0.14
965076300,7.9621,57.6126,0.0,0.0,0.0,0.82406,0.83,0.83844,0.14
965077200,7.85724,57.2695,0.0,0.0,0.0,0.83,0.83844,0.84625,0.14
965078100,7.7384,56.8926,0.0,0.0,0.0,0.83844,0.84625,0.85344,0.14
965079000,7.60558,56.482,0.0,0.0,0.0,0.84625,0.85344,0.86,0.14
965079900,7.33296,55.7507,0.0,0.0,0.0,0.85344,0.86,0.865,0.14
965080800,7.13023,55.177,0.0,0.0,0.0,0.86,0.865,0.87,0.14
965081700,6.99742,54.7607,0.0,0.0,0.0,0.865,0.87,0.875,0.14
965082600,6.9345,54.502,0.0,0.0,0.2822,0.87,0.875,0.88,0.14
965083500,6.92052,54.4176,0.0,0.2822,0.43954,0.875,0.88,0.8925,0.14
965084400,6.99043,54.4795,0.2822,0.43954,1.25758,0.88,0.8925,0.9,0.12
965085300,7.14422,54.6876,0.43954,1.25758,2.7363,0.8925,0.9,0.9025,0.12
965086200,7.38189,55.042,1.25758,2.7363,4.87572,0.9,0.9025,0.9,0.12
965087100,8.1019,55.6439,2.7363,4.87572,8.43015,0.9025,0.9,0.89531,0.12
965088000,8.64017,56.3245,4.87572,8.43015,12.1424,0.9,0.89531,0.88375,0.12
965088900,8.99668,57.0839,8.43015,12.1424,16.0124,0.89531,0.88375,0.86531,0.12
965089800,9.17144,57.922,12.1424,16.0124,20.0403,0.88375,0.86531,0.84,0.12
965090700,8.78697,59.5307,16.0124,20.0403,25.9639,0.86531,0.84,0.77875,0.12
965091600,8.4724,60.757,20.0403,25.9639,30.8866,0.84,0.77875,0.73,0.12
965092500,8.22773,61.6007,25.9639,30.8866,34.8086,0.77875,0.73,0.69375,0.12
965093400,8.05297,62.062,30.8866,34.8086,37.7297,0.73,0.69375,0.67,0.12
965094300,7.94811,60.7401,34.8086,37.7297,36.8126,0.69375,0.67,0.6925,0.12
965095200,7.91316,59.9695,37.7297,36.8126,36.7863,0.67,0.6925,0.705,0.12
965096100,7.94811,59.7501,36.8126,36.7863,37.6508,0.6925,0.705,0.7075,0.12
965097000,8.05297,60.082,36.7863,37.6508,39.4061,0.705,0.7075,0.7,0.12
965097900,8.20676,62.5176,37.6508,39.4061,47.5089,0.7075,0.7,0.65531,0.12
965098800,8.44443,64.4695,39.4061,47.5089,52.8647,0.7,0.65531,0.61875,0.12
965099700,8.76599,65.9376,47.5089,52.8647,55.4736,0.65531,0.61875,0.59031,0.12
965100600,9.17144,66.922,52.8647,55.4736,55.3354,0.61875,0.59031,0.57,0.12
965101500,10.248,66.7982,55.4736,55.3354,45.8918,0.59031,0.57,0.56625,0.12
965102400,11.0169,66.607,55.3354,45.8918,38.0735,0.57,0.56625,0.565,0.12
965103300,11.4783,66.3482,45.8918,38.0735,31.8806,0.56625,0.565,0.56625,0.12
965104200,11.6321,66.022,38.0735,31.8806,27.3131,0.565,0.56625,0.57,0.12
965105100,11.1008,65.257,31.8806,27.3131,26.5752,0.56625,0.57,0.58563,0.12
965106000,10.5136,64.672,27.3131,26.5752,25.9932,0.57,0.58563,0.5975,0.12
965106900,9.87048,64.267,26.5752,25.9932,25.567,0.58563,0.5975,0.60563,0.12
965107800,9.17144,64.042,25.9932,25.567,25.2967,0.5975,0.60563,0.61,0.12
965108700,7.59859,63.9632,25.567,25.2967,24.1086,0.60563,0.61,0.61063,0.12
965109600,6.51508,64.087,25.2967,24.1086,23.7922,0.61,0.61063,0.6075,0.12
965110500,5.92089,64.4132,24.1086,23.7922,24.3474,0.61063,0.6075,0.60063,0.12
965111400,5.81603,64.942,23.7922,24.3474,25.7742,0.6075,0.60063,0.59,0.12
965112300,7.2281,66.2807,24.3474,25.7742,27.8397,0.60063,0.59,0.56719,0.12
965113200,8.44443,67.417,25.7742,27.8397,30.9322,0.59,0.56719,0.54625,0.12
965114100,9.46504,68.3507,27.8397,30.9322,35.0517,0.56719,0.54625,0.52719,0.12
965115000,10.2899,69.082,30.9322,35.0517,40.1983,0.54625,0.52719,0.51,0.12
965115900,10.8771,69.3914,35.0517,40.1983,52.3055,0.52719,0.51,0.49281,0.12
965116800,11.2965,69.6445,40.1983,52.3055,61.484,0.51,0.49281,0.47875,0.12
965117700,11.5482,69.8414,52.3055,61.484,67.7339,0.49281,0.47875,0.46781,0.12
965118600,11.6321,69.982,61.484,67.7339,71.0552,0.47875,0.46781,0.46,0.12
965119500,10.4157,70.3532,67.7339,71.0552,67.3918,0.46781,0.46,0.44781,0.12
965120400,9.7866,70.477,71.0552,67.3918,63.5038,0.46,0.44781,0.44375,0.12
965121300,9.74465,70.3532,67.3918,63.5038,59.3911,0.44781,0.44375,0.44781,0.12
965122200,10.2899,69.982,63.5038,59.3911,55.0537,0.44375,0.44781,0.46,0.12
965123100,13.5824,68.9076,59.3911,55.0537,50.0369,0.44781,0.46,0.50094,0.12
965124000,16.0221,67.8895,55.0537,50.0369,45.0985,0.46,0.50094,0.53625,0.12
965124900,17.6089,66.9276,50.0369,45.0985,40.2387,0.50094,0.53625,0.56594,0.12
965125800,18.3429,66.022,45.0985,40.2387,35.4573,0.53625,0.56594,0.59,0.12
965126700,16.7561,65.0545,40.2387,35.4573,30.329,0.56594,0.59,0.6,0.12
965127600,15.2951,64.222,35.4573,30.329,25.5629,0.59,0.6,0.61,0.1308
965128500,13.9599,63.5245,30.329,25.5629,21.159,0.6,0.61,0.62,0.1307
965129400,12.7505,62.962,25.5629,21.159,17.1171,0.61,0.62,0.63,0.14
965130300,11.7299,62.8382,21.159,17.1171,13.1373,0.62,0.63,0.64094,0.14
965131200,10.7932,62.647,17.1171,13.1373,9.71977,0.63,0.64094,0.65125,0.14
965132100,9.94039,62.3882,13.1373,9.71977,6.86448,0.64094,0.65125,0.66094,0.14
965133000,9.17144,62.062,9.71977,6.86448,4.57144,0.65125,0.66094,0.67,0.14
965133900,8.50735,61.3814,6.86448,4.57144,3.44711,0.66094,0.67,0.68031,0.14
965134800,7.91316,60.8245,4.57144,3.44711,2.48074,0.67,0.68031,0.68875,0.14
965135700,7.38888,60.3914,3.44711,2.48074,1.67235,0.68031,0.68875,0.69531,0.14
965136600,6.9345,60.082,2.48074,1.67235,1.02193,0.68875,0.69531,0.7,0.14
965137500,6.55003,60.082,1.67235,1.02193,0.67064,0.69531,0.7,0.7,0.14
965138400,6.23546,60.082,1.02193,0.67064,0.38323,0.7,0.7,0.7,0.14
965139300,5.9908,60.082,0.67064,0.38323,0.15968,0.7,0.7,0.7,0.14
965140200,5.81603,60.082,0.38323,0.15968,0.0,0.7,0.7,0.7,0.14
965141100,6.04672,60.082,0.15968,0.0,0.0,0.7,0.7,0.7,0.14
965142000,6.12361,60.082,0.0,0.0,0.0,0.7,0.7,0.7,0.14
965142900,6.04672,60.082,0.0,0.0,0.0,0.7,0.7,0.7,0.14
965143800,5.81603,60.082,0.0,0.0,0.0,0.7,0.7,0.7,0.14
965144700,4.84437,60.1832,0.0,0.0,0.0,0.7,0.7,0.69813,0.14
965145600,4.11037,60.217,0.0,0.0,0.0,0.7,0.69813,0.6975,0.16
965146500,3.61405,60.1832,0.0,0.0,0.0,0.69813,0.6975,0.69813,0.3
965147400,3.3554,60.082,0.0,0.0,0.0,0.6975,0.69813,0.7,0.3
965148300,3.5022,59.8964,0.0,0.0,0.0,0.69813,0.7,0.70125,0.3
965149200,3.77483,59.6545,0.0,0.0,0.0,0.7,0.70125,0.705,0.3
965150100,4.17328,59.3564,0.0,0.0,0.0,0.70125,0.705,0.71125,0.3
965151000,4.69757,59.002,0.0,0.0,0.0,0.705,0.71125,0.72,0.3
965151900,6.29138,58.507,0.0,0.0,0.0,0.71125,0.72,0.73594,0.3
965152800,7.38189,58.012,0.0,0.0,0.0,0.72,0.73594,0.75125,0.14
965153700,7.96909,57.517,0.0,0.0,0.0,0.73594,0.75125,0.76594,0.14
965154600,8.05297,57.022,0.0,0.0,0.0,0.75125,0.76594,0.78,0.14
965155500,6.31235,56.4426,0.0,0.0,0.0,0.76594,0.78,0.79063,0.14
965156400,4.94922,55.9195,0.0,0.0,0.0,0.78,0.79063,0.8025,0.14
965157300,3.96357,55.4526,0.0,0.0,0.0,0.79063,0.8025,0.81563,0.16
965158200,3.3554,55.042,0.0,0.0,0.0,0.8025,0.81563,0.83,0.3
965159100,3.71192,54.5695,0.0,0.0,0.0,0.81563,0.83,0.85688,0.3
965160000,4.05445,54.232,0.0,0.0,0.0,0.83,0.85688,0.8775,0.3
965160900,4.383,54.0295,0.0,0.0,0.0,0.85688,0.8775,0.89188,0.3
965161800,4.69757,53.962,0.0,0.0,0.0,0.8775,0.89188,0.9,0.3
965162700,4.87233,54.7045,0.0,0.0,0.0,0.89188,0.9,0.88406,0.3
965163600,5.11699,55.132,0.0,0.0,0.0,0.9,0.88406,0.87375,0.3
965164500,5.43156,55.2445,0.0,0.0,0.0,0.88406,0.87375,0.86906,0.16
965165400,5.81603,55.042,0.0,0.0,0.0,0.87375,0.86906,0.87,0.16
965166300,6.68984,53.4107,0.0,0.0,0.0,0.86906,0.87,0.89719,0.16
965167200,7.35393,52.207,0.0,0.0,0.0,0.87,0.89719,0.91625,0.14
965168100,7.80831,51.4307,0.0,0.0,0.0,0.89719,0.91625,0.92719,0.14
965169000,8.05297,51.082,0.0,0.0,0.28156,0.91625,0.92719,0.93,0.14
965169900,7.77335,51.7007,0.0,0.28156,1.41423,0.92719,0.93,0.91625,0.14
965170800,7.49374,52.387,0.28156,1.41423,2.92423,0.93,0.91625,0.9,0.14
965171700,7.21412,53.1407,1.41423,2.92423,4.81156,0.91625,0.9,0.88125,0.14
965172600,6.9345,53.962,2.92423,4.81156,7.07621,0.9,0.88125,0.86,0.14
965173500,6.1306,55.0364,4.81156,7.07621,9.88034,0.88125,0.86,0.82969,0.14
965174400,5.67623,56.0545,7.07621,9.88034,12.9537,0.86,0.82969,0.80125,0.14
965175300,5.57137,57.0164,9.88034,12.9537,16.2963,0.82969,0.80125,0.77469,0.12
965176200,5.81603,57.922,12.9537,16.2963,19.9081,0.80125,0.77469,0.75,0.12
965177100,7.6685,58.7882,16.2963,19.9081,25.0992,0.77469,0.75,0.72625,0.12
965178000,9.03163,59.587,19.9081,25.0992,29.6861,0.75,0.72625,0.705,0.12
965178900,9.90543,60.3182,25.0992,29.6861,33.669,0.72625,0.705,0.68625,0.12
965179800,10.2899,60.982,29.6861,33.669,37.0478,0.705,0.68625,0.67,0.12
965180700,8.92677,61.5614,33.669,37.0478,40.4261,0.68625,0.67,0.65625,0.12
965181600,7.91316,62.0845,37.0478,40.4261,42.7979,0.67,0.65625,0.645,0.12
965182500,7.24907,62.5514,40.4261,42.7979,44.1632,0.65625,0.645,0.63625,0.12
965183400,6.9345,62.962,42.7979,44.1632,44.522,0.645,0.63625,0.63,0.12
965184300,7.26305,63.0632,44.1632,44.522,41.8795,0.63625,0.63,0.63938,0.12
965185200,7.74539,63.277,44.522,41.8795,39.5604,0.63,0.63938,0.6425,0.12
965186100,8.38152,63.6032,41.8795,39.5604,37.5648,0.63938,0.6425,0.63938,0.12
965187000,9.17144,64.042,39.5604,37.5648,35.8926,0.6425,0.63938,0.63,0.12
965187900,10.7862,64.9307,37.5648,35.8926,33.8214,0.63938,0.63,0.59563,0.12
965188800,12.1074,65.707,35.8926,33.8214,32.5553,0.63,0.59563,0.5675,0.12
965189700,13.135,66.3707,33.8214,32.5553,32.0944,0.59563,0.5675,0.54563,0.1378
965190600,13.869,66.922,32.5553,32.0944,32.4386,0.5675,0.54563,0.53,0.14
965191500,13.7641,67.1076,32.0944,32.4386,34.3002,0.54563,0.53,0.53375,0.14
965192400,13.7292,67.3495,32.4386,34.3002,36.4921,0.53,0.53375,0.535,0.14
965193300,13.7641,67.6476,34.3002,36.4921,39.0144,0.53375,0.535,0.53375,0.1357
965194200,13.869,68.002,36.4921,39.0144,41.867,0.535,0.53375,0.53,0.12
965195100,14.1486,68.767,39.0144,41.867,47.9734,0.53375,0.53,0.5125,0.12
965196000,14.4282,69.352,41.867,47.9734,52.4612,0.53,0.5125,0.5,0.12
965196900,14.7079,69.757,47.9734,52.4612,55.3305,0.5125,0.5,0.4925,0.12
965197800,14.9875,69.982,52.4612,55.3305,56.5812,0.5,0.4925,0.49,0.12
965198700,15.6865,69.6726,55.3305,56.5812,54.3008,0.4925,0.49,0.50375,0.12
965199600,16.1059,69.4195,56.5812,54.3008,51.6769,0.49,0.50375,0.515,0.12
965200500,16.2457,69.2226,54.3008,51.6769,48.7094,0.50375,0.515,0.52375,0.12
965201400,16.1059,69.082,51.6769,48.7094,45.3983,0.515,0.52375,0.53,0.12
965202300,14.8477,69.1832,48.7094,45.3983,40.0476,0.52375,0.53,0.52625,0.1336
965203200,13.869,69.217,45.3983,40.0476,35.4841,0.53,0.52625,0.525,0.14
965204100,13.17,69.1832,40.0476,35.4841,31.7078,0.52625,0.525,0.52625,0.14
965205000,12.7505,69.082,35.4841,31.7078,28.7187,0.525,0.52625,0.53,0.14
965205900,13.2399,68.812,31.7078,28.7187,27.8748,0.52625,0.53,0.54188,0.14
965206800,13.5894,68.542,28.7187,27.8748,26.9128,0.53,0.54188,0.5525,0.14
965207700,13.7991,68.272,27.8748,26.9128,25.8328,0.54188,0.5525,0.56188,0.14
965208600,13.869,68.002,26.9128,25.8328,24.6346,0.5525,0.56188,0.57,0.14
965209500,13.8201,67.7151,25.8328,24.6346,23.7534,0.56188,0.57,0.57313,0.14
965210400,13.6173,67.4395,24.6346,23.7534,22.464,0.57,0.57313,0.5775,0.14
965211300,13.2608,67.1751,23.7534,22.464,20.7665,0.57313,0.5775,0.58313,0.14
965212200,12.7505,66.922,22.464,20.7665,18.6608,0.5775,0.58313,0.59,0.14
965213100,11.1847,66.7982,20.7665,18.6608,14.7209,0.58313,0.59,0.59719,0.14
965214000,10.0662,66.607,18.6608,14.7209,11.3236,0.59,0.59719,0.60625,0.14
965214900,9.39513,66.3482,14.7209,11.3236,8.46873,0.59719,0.60625,0.61719,0.14
965215800,9.17144,66.022,11.3236,8.46873,6.15635,0.60625,0.61719,0.63,0.14
965216700,10.2969,65.4426,8.46873,6.15635,4.99927,0.61719,0.63,0.65125,0.14
965217600,11.2686,64.9195,6.15635,4.99927,3.97614,0.63,0.65125,0.67,0.14
965218500,12.0864,64.4526,4.99927,3.97614,3.08696,0.65125,0.67,0.68625,0.14
965219400,12.7505,64.042,3.97614,3.08696,2.33173,0.67,0.68625,0.7,0.14
965220300,13.6803,63.7551,3.08696,2.33173,1.81472,0.68625,0.7,0.70563,0.14
965221200,14.1766,63.4795,2.33173,1.81472,1.36214,0.7,0.70563,0.7125,0.14
965222100,14.2395,63.2151,1.81472,1.36214,0.97401,0.70563,0.7125,0.72063,0.14
965223000,13.869,62.962,1.36214,0.97401,0.65032,0.7125,0.72063,0.73,0.14
965223900,11.66,62.7539,0.97401,0.65032,0.42677,0.72063,0.73,0.74438,0.14
965224800,9.95437,62.5345,0.65032,0.42677,0.24387,0.73,0.74438,0.7575,0.14
965225700,8.75201,62.3039,0.42677,0.24387,0.10161,0.74438,0.7575,0.76938,0.14
965226600,8.05297,62.062,0.24387,0.10161,0.0,0.7575,0.76938,0.78,0.14
965227500,9.24134,61.6907,0.10161,0.0,0.0,0.76938,0.78,0.79031,0.14
965228400,10.0103,61.387,0.0,0.0,0.0,0.78,0.79031,0.79875,0.14
965229300,10.3598,61.1507,0.0,0.0,0.0,0.79031,0.79875,0.80531,0.14
965230200,10.2899,60.982,0.0,0.0,0.0,0.79875,0.80531,0.81,0.14
965231100,8.64716,60.982,0.0,0.0,0.0,0.80531,0.81,0.81,0.14
965232000,7.35393,60.982,0.0,0.0,0.0,0.81,0.81,0.81,0.14
965232900,6.41022,60.982,0.0,0.0,0.0,0.81,0.81,0.81,0.14
965233800,5.81603,60.982,0.0,0.0,0.0,0.81,0.81,0.81,0.14
965234700,6.20051,61.0664,0.0,0.0,0.0,0.81,0.81,0.80719,0.1555
965235600,6.51508,61.0945,0.0,0.0,0.0,0.81,0.80719,0.80625,0.1514
965236500,6.75974,61.0664,0.0,0.0,0.0,0.80719,0.80625,0.80719,0.14
965237400,6.9345,60.982,0.0,0.0,0.0,0.80625,0.80719,0.81,0.14
965238300,6.9345,60.6726,0.0,0.0,0.0,0.80719,0.81,0.82313,0.14
965239200,6.9345,60.4195,0.0,0.0,0.0,0.81,0.82313,0.8325,0.14
965240100,6.9345,60.2226,0.0,0.0,0.0,0.82313,0.8325,0.83813,0.14
965241000,6.9345,60.082,0.0,0.0,0.0,0.8325,0.83813,0.84,0.14
965241900,7.14422,60.1832,0.0,0.0,0.0,0.83813,0.84,0.82688,0.14
965242800,7.21412,60.217,0.0,0.0,0.0,0.84,0.82688,0.8175,0.14
965243700,7.14422,60.1832,0.0,0.0,0.0,0.82688,0.8175,0.81188,0.14
965244600,6.9345,60.082,0.0,0.0,0.0,0.8175,0.81188,0.81,0.14
965245500,6.16556,59.7107,0.0,0.0,0.0,0.81188,0.81,0.82031,0.14
965246400,5.53642,59.407,0.0,0.0,0.0,0.81,0.82031,0.82875,0.14
965247300,5.04709,59.1707,0.0,0.0,0.0,0.82031,0.82875,0.83531,0.16
965248200,4.69757,59.002,0.0,0.0,0.0,0.82875,0.83531,0.84,0.16
965249100,4.69757,59.1032,0.0,0.0,0.0,0.83531,0.84,0.83438,0.3
965250000,4.69757,59.137,0.0,0.0,0.0,0.84,0.83438,0.8325,0.3
965250900,4.69757,59.1032,0.0,0.0,0.0,0.83438,0.8325,0.83438,0.3
965251800,4.69757,59.002,0.0,0.0,0.0,0.8325,0.83438,0.84,0.3
965252700,4.48785,58.5295,0.0,0.0,0.0,0.83438,0.84,0.86063,0.3
965253600,4.41795,58.192,0.0,0.0,0.0,0.84,0.86063,0.8775,0.3
965254500,4.48785,57.9895,0.0,0.0,0.05124,0.86063,0.8775,0.89063,0.3
965255400,4.69757,57.922,0.0,0.05124,0.28092,0.8775,0.89063,0.9,0.3
965256300,5.67623,58.192,0.05124,0.28092,0.55854,0.89063,0.9,0.90281,0.3
965257200,6.37527,58.462,0.28092,0.55854,0.98136,0.9,0.90281,0.90375,0.16
965258100,6.79469,58.732,0.55854,0.98136,1.54937,0.90281,0.90375,0.90281,0.14
965259000,6.9345,59.002,0.98136,1.54937,2.26258,0.90375,0.90281,0.9,0.14
965259900,5.95584,59.2889,1.54937,2.26258,3.35194,0.90281,0.9,0.8925,0.14
965260800,5.2568,59.5645,2.26258,3.35194,4.43253,0.9,0.8925,0.885,0.14
965261700,4.83737,59.8289,3.35194,4.43253,5.50433,0.8925,0.885,0.8775,0.16
965262600,4.69757,60.082,4.43253,5.50433,6.56735,0.885,0.8775,0.87,0.16
965263500,6.11662,60.2057,5.50433,6.56735,7.27226,0.8775,0.87,0.86531,0.16
965264400,6.96246,60.397,6.56735,7.27226,8.20128,0.87,0.86531,0.85875,0.14
965265300,7.23509,60.6557,7.27226,8.20128,9.3544,0.86531,0.85875,0.85031,0.14
965266200,6.9345,60.982,8.20128,9.3544,10.7316,0.85875,0.85031,0.84,0.14
965267100,4.00551,61.477,9.3544,10.7316,12.4122,0.85031,0.84,0.82688,0.14
965268000,1.87343,61.972,10.7316,12.4122,14.2641,0.84,0.82688,0.8125,0.3
965268900,0.53826,62.467,12.4122,14.2641,16.2872,0.82688,0.8125,0.79688,0.3
965269800,0.0,62.962,14.2641,16.2872,18.4817,0.8125,0.79688,0.78,0.3
965270700,1.89441,63.2545,16.2872,18.4817,19.0698,0.79688,0.78,0.76281,0.3
965271600,3.49521,63.682,18.4817,19.0698,21.0143,0.78,0.76281,0.74375,0.3
965272500,4.80242,64.2445,19.0698,21.0143,24.3152,0.76281,0.74375,0.72281,0.3
965273400,5.81603,64.942,21.0143,24.3152,28.9724,0.74375,0.72281,0.7,0.14
965274300,6.20051,66.4664,24.3152,28.9724,41.3901,0.72281,0.7,0.66031,0.14
965275200,6.51508,67.6645,28.9724,41.3901,50.8947,0.7,0.66031,0.62875,0.12
965276100,6.75974,68.5364,41.3901,50.8947,57.4861,0.66031,0.62875,0.60531,0.12
965277000,6.9345,69.082,50.8947,57.4861,61.1645,0.62875,0.60531,0.59,0.12
965277900,7.03936,68.5251,57.4861,61.1645,56.1235,0.60531,0.59,0.59875,0.12
965278800,7.07431,68.1595,61.1645,56.1235,52.0402,0.59,0.59875,0.605,0.12
965279700,7.03936,67.9851,56.1235,52.0402,48.9145,0.59875,0.605,0.60875,0.12
965280600,6.9345,68.002,52.0402,48.9145,46.7465,0.605,0.60875,0.61,0.12
965281500,6.55003,68.5814,48.9145,46.7465,46.9478,0.60875,0.61,0.60875,0.12
965282400,6.23546,69.1045,46.7465,46.9478,47.1656,0.61,0.60875,0.605,0.12
965283300,5.9908,69.5714,46.9478,47.1656,47.3998,0.60875,0.605,0.59875,0.12
965284200,5.81603,69.982,47.1656,47.3998,47.6505,0.605,0.59875,0.59,0.12
965285100,5.71118,70.3532,47.3998,47.6505,50.0856,0.59875,0.59,0.5675,0.12
965286000,5.67623,70.657,47.6505,50.0856,51.0918,0.59,0.5675,0.55,0.12
965286900,5.71118,70.8932,50.0856,51.0918,50.6691,0.5675,0.55,0.5375,0.12
965287800,5.81603,71.062,51.0918,50.6691,48.8174,0.55,0.5375,0.53,0.12
965288700,5.9908,70.8764,50.6691,48.8174,39.5704,0.5375,0.53,0.54156,0.12
965289600,6.23546,70.8145,48.8174,39.5704,32.8721,0.53,0.54156,0.54875,0.14
965290500,6.55003,70.8764,39.5704,32.8721,28.7225,0.54156,0.54875,0.55156,0.14
965291400,6.9345,71.062,32.8721,28.7225,27.1216,0.54875,0.55156,0.55,0.14
965292300,7.80831,71.9282,28.7225,27.1216,36.218,0.55156,0.55,0.53,0.14
965293200,8.4724,72.547,27.1216,36.218,42.4307,0.55,0.53,0.515,0.14
965294100,8.92677,72.9182,36.218,42.4307,45.7598,0.53,0.515,0.505,0.14
965295000,9.17144,73.042,42.4307,45.7598,46.2051,0.515,0.505,0.5,0.14
965295900,8.68211,72.3614,45.7598,46.2051,37.4702,0.505,0.5,0.51219,0.14
965296800,8.33259,71.8045,46.2051,37.4702,30.0493,0.5,0.51219,0.52125,0.14
965297700,8.12287,71.3714,37.4702,30.0493,23.9424,0.51219,0.52125,0.52719,0.14
965298600,8.05297,71.062,30.0493,23.9424,19.1495,0.52125,0.52719,0.53,0.14
965299500,8.33259,71.2476,23.9424,19.1495,17.8168,0.52719,0.53,0.5175,0.14
965300400,8.6122,71.3095,19.1495,17.8168,16.3674,0.53,0.5175,0.51,0.14
965301300,8.89182,71.2476,17.8168,16.3674,14.8013,0.5175,0.51,0.5075,0.14
965302200,9.17144,71.062,16.3674,14.8013,13.1184,0.51,0.5075,0.51,0.14
965303100,9.66077,70.4826,14.8013,13.1184,10.8231,0.5075,0.51,0.52688,0.14
965304000,10.0103,69.9595,13.1184,10.8231,8.74167,0.51,0.52688,0.5425,0.14
965304900,10.22,69.4926,10.8231,8.74167,6.87403,0.52688,0.5425,0.55688,0.14
965305800,10.2899,69.082,8.74167,6.87403,5.22021,0.5425,0.55688,0.57,0.14
965306700,10.1151,68.9976,6.87403,5.22021,3.75092,0.55688,0.57,0.57531,0.14
965307600,9.87048,68.7895,5.22021,3.75092,2.515,0.57,0.57531,0.58375,0.14
965308500,9.55591,68.4576,3.75092,2.515,1.51243,0.57531,0.58375,0.59531,0.14
965309400,9.17144,68.002,2.515,1.51243,0.74322,0.58375,0.59531,0.61,0.16
965310300,8.19278,66.9501,1.51243,0.74322,0.48774,0.59531,0.61,0.64094,0.16
965311200,7.49374,66.0895,0.74322,0.48774,0.27871,0.61,0.64094,0.66625,0.16
965312100,7.07431,65.4201,0.48774,0.27871,0.11613,0.64094,0.66625,0.68594,0.16
965313000,6.9345,64.942,0.27871,0.11613,0.0,0.66625,0.68594,0.7,0.16
965313900,7.70345,64.942,0.11613,0.0,0.0,0.68594,0.7,0.69719,0.16
965314800,8.33259,64.942,0.0,0.0,0.0,0.7,0.69719,0.69625,0.1562
965315700,8.82192,64.942,0.0,0.0,0.0,0.69719,0.69625,0.69719,0.14
965316600,9.17144,64.942,0.0,0.0,0.0,0.69625,0.69719,0.7,0.14
965317500,9.17144,65.0264,0.0,0.0,0.0,0.69719,0.7,0.70844,0.14
965318400,9.17144,65.0545,0.0,0.0,0.0,0.7,0.70844,0.71625,0.14
965319300,9.17144,65.0264,0.0,0.0,0.0,0.70844,0.71625,0.72344,0.14
965320200,9.17144,64.942,0.0,0.0,0.0,0.71625,0.72344,0.73,0.14
965321100,8.94075,64.7339,0.0,0.0,0.0,0.72344,0.73,0.73688,0.14
965322000,8.86386,64.5145,0.0,0.0,0.0,0.73,0.73688,0.7425,0.14
965322900,8.94075,64.2839,0.0,0.0,0.0,0.73688,0.7425,0.74688,0.14
965323800,9.17144,64.042,0.0,0.0,0.0,0.7425,0.74688,0.75,0.14
965324700,10.3528,63.7551,0.0,0.0,0.0,0.74688,0.75,0.74719,0.14
965325600,11.1567,63.4795,0.0,0.0,0.0,0.75,0.74719,0.74625,0.14
965326500,11.5831,63.2151,0.0,0.0,0.0,0.74719,0.74625,0.74719,0.14
965327400,11.6321,62.962,0.0,0.0,0.0,0.74625,0.74719,0.75,0.14
965328300,10.2969,62.8382,0.0,0.0,0.0,0.74719,0.75,0.7575,0.14
965329200,9.25532,62.647,0.0,0.0,0.0,0.75,0.7575,0.765,0.14
965330100,8.50735,62.3882,0.0,0.0,0.0,0.7575,0.765,0.7725,0.14
965331000,8.05297,62.062,0.0,0.0,0.0,0.765,0.7725,0.78,0.14
965331900,8.64716,61.5839,0.0,0.0,0.0,0.7725,0.78,0.78469,0.14
965332800,9.03163,61.0945,0.0,0.0,0.0,0.78,0.78469,0.79125,0.14
965333700,9.20639,60.5939,0.0,0.0,0.0,0.78469,0.79125,0.79969,0.14
965334600,9.17144,60.082,0.0,0.0,0.0,0.79125,0.79969,0.81,0.14
965335500,8.40249,59.4239,0.0,0.0,0.0,0.79969,0.81,0.82781,0.14
965336400,7.77335,58.8445,0.0,0.0,0.0,0.81,0.82781,0.84375,0.14
965337300,7.28402,58.3439,0.0,0.0,0.0,0.82781,0.84375,0.85781,0.14
965338200,6.9345,57.922,0.0,0.0,0.0,0.84375,0.85781,0.87,0.14
965339100,6.9345,57.5282,0.0,0.0,0.0,0.85781,0.87,0.88031,0.14
965340000,6.9345,57.247,0.0,0.0,0.0,0.87,0.88031,0.88875,0.14
965340900,6.9345,57.0782,0.0,0.0,0.0,0.88031,0.88875,0.89531,0.14
965341800,6.9345,57.022,0.0,0.0,0.28105,0.88875,0.89531,0.9,0.14
965342700,6.9345,57.3314,0.0,0.28105,0.71955,0.89531,0.9,0.9,0.14
965343600,6.9345,57.5845,0.28105,0.71955,1.41129,0.9,0.9,0.9,0.14
965344500,6.9345,57.7814,0.71955,1.41129,2.35626,0.9,0.9,0.9,0.14
965345400,6.9345,57.922,1.41129,2.35626,3.55446,0.9,0.9,0.9,0.14
965346300,6.9345,57.8207,2.35626,3.55446,5.17177,0.9,0.9,0.90281,0.14
965347200,6.9345,57.787,3.55446,5.17177,6.93173,0.9,0.90281,0.90375,0.14
965348100,6.9345,57.8207,5.17177,6.93173,8.83432,0.90281,0.90375,0.90281,0.14
965349000,6.9345,57.922,6.93173,8.83432,10.8795,0.90375,0.90281,0.9,0.14
965349900,6.9345,57.7364,8.83432,10.8795,12.7192,0.90281,0.9,0.90281,0.14
965350800,6.9345,57.8545,10.8795,12.7192,14.9336,0.9,0.90281,0.89875,0.14
965351700,6.9345,58.2764,12.7192,14.9336,17.5228,0.90281,0.89875,0.88781,0.14
965352600,6.9345,59.002,14.9336,17.5228,20.4868,0.89875,0.88781,0.87,0.14
965353500,6.49411,61.0439,17.5228,20.4868,23.4631,0.88781,0.87,0.82188,0.14
965354400,6.34731,62.7145,20.4868,23.4631,27.0558,0.87,0.82188,0.7825,0.14
965355300,6.49411,64.0139,23.4631,27.0558,31.2651,0.82188,0.7825,0.75188,0.14
965356200,6.9345,64.942,27.0558,31.2651,36.0909,0.7825,0.75188,0.73,0.12
965357100,8.67512,64.8407,31.2651,36.0909,43.6445,0.75188,0.73,0.73281,0.12
965358000,10.0383,64.807,36.0909,43.6445,50.407,0.73,0.73281,0.73375,0.12
965358900,11.0239,64.8407,43.6445,50.407,56.3787,0.73281,0.73375,0.73281,0.12
965359800,11.6321,64.942,50.407,56.3787,61.5593,0.73375,0.73281,0.73,0.12
965360700,11.4853,65.0264,56.3787,61.5593,65.1995,0.73281,0.73,0.72625,0.12
965361600,11.2126,65.2345,61.5593,65.1995,68.5484,0.73,0.72625,0.72,0.12
965362500,10.8142,65.5664,65.1995,68.5484,71.6061,0.72625,0.72,0.71125,0.12
965363400,10.2899,66.022,68.5484,71.6061,74.3725,0.72,0.71125,0.7,0.12
965364300,9.24134,66.7026,71.6061,74.3725,77.3227,0.71125,0.7,0.68344,0.12
965365200,8.33259,67.4395,74.3725,77.3227,79.665,0.7,0.68344,0.66625,0.12
965366100,7.56364,68.2326,77.3227,79.665,81.3994,0.68344,0.66625,0.64844,0.12
965367000,6.9345,69.082,79.665,81.3994,82.5257,0.66625,0.64844,0.63,0.12
965367900,6.1306,70.3589,81.3994,82.5257,82.4131,0.64844,0.63,0.60344,0.12
965368800,5.67623,71.4445,82.5257,82.4131,82.1133,0.63,0.60344,0.58125,0.12
965369700,5.57137,72.3389,82.4131,82.1133,81.6261,0.60344,0.58125,0.56344,0.12
965370600,5.81603,73.042,82.1133,81.6261,80.9517,0.58125,0.56344,0.55,0.12
965371500,7.45878,73.0645,81.6261,80.9517,80.2969,0.56344,0.55,0.55688,0.12
965372400,8.75201,73.222,80.9517,80.2969,79.3169,0.55,0.55688,0.5575,0.12
965373300,9.69572,73.5145,80.2969,79.3169,78.0118,0.55688,0.5575,0.55188,0.12
965374200,10.2899,73.942,79.3169,78.0118,76.3816,0.5575,0.55188,0.54,0.12
965375100,9.67475,74.9939,78.0118,76.3816,74.4647,0.55188,0.54,0.50313,0.12
965376000,9.28329,75.8545,76.3816,74.4647,72.197,0.54,0.50313,0.4725,0.12
965376900,9.11552,76.5239,74.4647,72.197,69.5786,0.50313,0.4725,0.44813,0.12
965377800,9.17144,77.002,72.197,69.5786,66.6095,0.4725,0.44813,0.43,0.12
965378700,10.0173,77.1032,69.5786,66.6095,62.7621,0.44813,0.43,0.42188,0.12
965379600,10.7093,77.137,66.6095,62.7621,58.9157,0.43,0.42188,0.4175,0.12
965380500,11.2476,77.1032,62.7621,58.9157,55.0704,0.42188,0.4175,0.41688,0.12
965381400,11.6321,77.002,58.9157,55.0704,51.226,0.4175,0.41688,0.42,0.12
965382300,11.7579,76.6307,55.0704,51.226,47.4238,0.41688,0.42,0.44094,0.12
965383200,11.7998,76.327,51.226,47.4238,43.5952,0.42,0.44094,0.45625,0.12
965384100,11.7579,76.0907,47.4238,43.5952,39.7403,0.44094,0.45625,0.46594,0.12
965385000,11.6321,75.922,43.5952,39.7403,35.859,0.45625,0.46594,0.47,0.12
965385900,11.1707,76.192,39.7403,35.859,31.7197,0.46594,0.47,0.45438,0.1279
965386800,10.7932,76.282,35.859,31.7197,27.7085,0.47,0.45438,0.4425,0.1255
965387700,10.4996,76.192,31.7197,27.7085,23.8254,0.45438,0.4425,0.43438,0.1343
965388600,10.2899,75.922,27.7085,23.8254,20.0704,0.4425,0.43438,0.43,0.1313
965389500,10.2899,75.4045,23.8254,20.0704,15.8543,0.43438,0.43,0.4275,0.1341
965390400,10.2899,74.752,20.0704,15.8543,12.1591,0.43,0.4275,0.43,0.1341
965391300,10.2899,73.9645,15.8543,12.1591,8.9849,0.4275,0.43,0.4375,0.134
965392200,10.2899,73.042,12.1591,8.9849,6.33173,0.43,0.4375,0.45,0.1273
965393100,10.3948,71.5964,8.9849,6.33173,4.56165,0.4375,0.45,0.475,0.1357
965394000,10.4297,70.2745,6.33173,4.56165,3.07117,0.45,0.475,0.5,0.1345
965394900,10.3948,69.0764,4.56165,3.07117,1.8603,0.475,0.5,0.525,0.1373
965395800,10.2899,68.002,3.07117,1.8603,0.92903,0.5,0.525,0.55,0.1382
965396700,9.80058,66.9501,1.8603,0.92903,0.60968,0.525,0.55,0.58156,0.1385
965397600,9.45106,66.0895,0.92903,0.60968,0.34839,0.55,0.58156,0.60875,0.1386
965398500,9.24134,65.4201,0.60968,0.34839,0.14516,0.58156,0.60875,0.63156,0.14
965399400,9.17144,64.942,0.34839,0.14516,0.0,0.60875,0.63156,0.65,0.14
965400300,9.43008,64.942,0.14516,0.0,0.0,0.63156,0.65,0.65844,0.14
965401200,9.70271,64.942,0.0,0.0,0.0,0.65,0.65844,0.66625,0.14
965402100,9.98932,64.942,0.0,0.0,0.0,0.65844,0.66625,0.67344,0.14
965403000,10.2899,64.942,0.0,0.0,0.0,0.66625,0.67344,0.68,0.14
965403900,10.5416,65.1276,0.0,0.0,0.0,0.67344,0.68,0.68406,0.14
965404800,10.8491,65.1895,0.0,0.0,0.0,0.68,0.68406,0.68875,0.14
965405700,11.2126,65.1276,0.0,0.0,0.0,0.68406,0.68875,0.69406,0.14
965406600,11.6321,64.942,0.0,0.0,0.0,0.68875,0.69406,0.7,0.14
965407500,12.9463,64.3457,0.0,0.0,0.0,0.69406,0.7,0.70844,0.14
965408400,13.7572,63.817,0.0,0.0,0.0,0.7,0.70844,0.71625,0.14
965409300,14.0647,63.3557,0.0,0.0,0.0,0.70844,0.71625,0.72344,0.14
965410200,13.869,62.962,0.0,0.0,0.0,0.71625,0.72344,0.73,0.14
965411100,11.8697,62.8382,0.0,0.0,0.0,0.72344,0.73,0.73125,0.14
965412000,10.234,62.647,0.0,0.0,0.0,0.73,0.73125,0.735,0.14
965412900,8.96173,62.3882,0.0,0.0,0.0,0.73125,0.735,0.74125,0.14
965413800,8.05297,62.062,0.0,0.0,0.0,0.735,0.74125,0.75,0.14
965414700,8.26268,61.3814,0.0,0.0,0.0,0.74125,0.75,0.77063,0.14
965415600,8.33259,60.8245,0.0,0.0,0.0,0.75,0.77063,0.7875,0.14
965416500,8.26268,60.3914,0.0,0.0,0.0,0.77063,0.7875,0.80063,0.14
965417400,8.05297,60.082,0.0,0.0,0.0,0.7875,0.80063,0.81,0.14
965418300,7.28402,60.3689,0.0,0.0,0.0,0.80063,0.81,0.80156,0.14
965419200,6.65489,60.4645,0.0,0.0,0.0,0.81,0.80156,0.79875,0.14
965420100,6.16556,60.3689,0.0,0.0,0.0,0.80156,0.79875,0.80156,0.14
965421000,5.81603,60.082,0.0,0.0,0.0,0.79875,0.80156,0.81,0.14
965421900,6.36129,59.1314,0.0,0.0,0.0,0.80156,0.81,0.83813,0.16
965422800,6.54304,58.3045,0.0,0.0,0.0,0.81,0.83813,0.8625,0.14
965423700,6.36129,57.6014,0.0,0.0,0.0,0.83813,0.8625,0.88313,0.14
965424600,5.81603,57.022,0.0,0.0,0.0,0.8625,0.88313,0.9,0.14
965425500,3.06181,56.5495,0.0,0.0,0.0,0.88313,0.9,0.90656,0.16
965426400,1.17439,56.212,0.0,0.0,0.0,0.9,0.90656,0.91375,0.3
965427300,0.15379,56.0095,0.0,0.0,0.0,0.90656,0.91375,0.92156,0.3
965428200,0.0,55.942,0.0,0.0,0.27961,0.91375,0.92156,0.93,0.3
965429100,2.97792,56.1276,0.0,0.27961,0.69717,0.92156,0.93,0.95031,0.3
965430000,5.31272,56.3695,0.27961,0.69717,1.39615,0.93,0.95031,0.96375,0.3
965430900,7.00441,56.6676,0.69717,1.39615,2.37654,0.95031,0.96375,0.97031,0.16
965431800,8.05297,57.022,1.39615,2.37654,3.63836,0.96375,0.97031,0.97,0.14
965432700,6.96945,57.1457,2.37654,3.63836,4.33084,0.97031,0.97,0.95906,0.14
965433600,6.23546,57.517,3.63836,4.33084,5.87192,0.97,0.95906,0.94375,0.14
965434500,5.85099,58.1357,4.33084,5.87192,8.26158,0.95906,0.94375,0.92406,0.14
965435400,5.81603,59.002,5.87192,8.26158,11.4998,0.94375,0.92406,0.9,0.14
965436300,7.28402,60.8582,8.26158,11.4998,17.3405,0.92406,0.9,0.8575,0.14
965437200,8.33259,62.467,11.4998,17.3405,22.8605,0.9,0.8575,0.82,0.14
965438100,8.96173,63.8282,17.3405,22.8605,28.06,0.8575,0.82,0.7875,0.12
965439000,9.17144,64.942,22.8605,28.06,32.9388,0.82,0.7875,0.76,0.12
965439900,7.70345,65.5214,28.06,32.9388,37.2221,0.7875,0.76,0.74125,0.12
965440800,6.65489,66.0445,32.9388,37.2221,41.3681,0.76,0.74125,0.725,0.12
965441700,6.02575,66.5114,37.2221,41.3681,45.3768,0.74125,0.725,0.71125,0.12
965442600,5.81603,66.922,41.3681,45.3768,49.2481,0.725,0.71125,0.7,0.12
965443500,6.96945,67.1076,45.3768,49.2481,53.0986,0.71125,0.7,0.69688,0.12
965444400,7.91316,67.3495,49.2481,53.0986,56.7342,0.7,0.69688,0.6925,0.12
965445300,8.64716,67.6476,53.0986,56.7342,60.1549,0.69688,0.6925,0.68688,0.12
965446200,9.17144,68.002,56.7342,60.1549,63.3607,0.6925,0.68688,0.68,0.12
965447100,9.2763,68.3114,60.1549,63.3607,66.2901,0.68688,0.68,0.67375,0.12
965448000,9.31125,68.7445,63.3607,66.2901,69.0456,0.68,0.67375,0.665,0.12
965448900,9.2763,69.3014,66.2901,69.0456,71.6272,0.67375,0.665,0.65375,0.12
965449800,9.17144,69.982,69.0456,71.6272,74.0349,0.665,0.65375,0.64,0.12
965450700,8.68211,71.242,71.6272,74.0349,76.8766,0.65375,0.64,0.61438,0.12
965451600,8.33259,72.322,74.0349,76.8766,79.1391,0.64,0.61438,0.5925,0.12
965452500,8.12287,73.222,76.8766,79.1391,80.8225,0.61438,0.5925,0.57438,0.12
965453400,8.05297,73.942,79.1391,80.8225,81.9268,0.5925,0.57438,0.56,0.12
965454300,8.5423,74.0264,80.8225,81.9268,81.8707,0.57438,0.56,0.55688,0.12
965455200,8.89182,74.2345,81.9268,81.8707,81.6229,0.56,0.55688,0.5525,0.12
965456100,9.10153,74.5664,81.8707,81.6229,81.1836,0.55688,0.5525,0.54688,0.12
965457000,9.17144,75.022,81.6229,81.1836,80.5526,0.5525,0.54688,0.54,0.12
965457900,8.57725,75.8039,81.1836,80.5526,79.8844,0.54688,0.54,0.53188,0.12
965458800,8.19278,76.5745,80.5526,79.8844,78.9218,0.54,0.53188,0.5225,0.12
965459700,8.01802,77.3339,79.8844,78.9218,77.6646,0.53188,0.5225,0.51188,0.12
965460600,8.05297,78.082,78.9218,77.6646,76.113,0.5225,0.51188,0.5,0.12
965461500,8.92677,78.9707,77.6646,76.113,74.4108,0.51188,0.5,0.48594,0.12
965462400,9.59086,79.747,76.113,74.4108,72.3182,0.5,0.48594,0.47125,0.12
965463300,10.0452,80.4107,74.4108,72.3182,69.8352,0.48594,0.47125,0.45594,0.12
965464200,10.2899,80.962,72.3182,69.8352,66.9617,0.47125,0.45594,0.44,0.12
965465100,9.90543,81.4345,69.8352,66.9617,63.1593,0.45594,0.44,0.41219,0.12
965466000,9.59086,81.772,66.9617,63.1593,59.3254,0.44,0.41219,0.39125,0.12
965466900,9.3462,81.9745,63.1593,59.3254,55.4602,0.41219,0.39125,0.37719,0.12
965467800,9.17144,82.042,59.3254,55.4602,51.5636,0.39125,0.37719,0.37,0.12
965468700,9.06658,81.8564,55.4602,51.5636,47.6199,0.37719,0.37,0.38094,0.12
965469600,9.03163,81.6145,51.5636,47.6199,43.6553,0.37,0.38094,0.39125,0.12
965470500,9.06658,81.3164,47.6199,43.6553,39.6699,0.38094,0.39125,0.40094,0.12
965471400,9.17144,80.962,43.6553,39.6699,35.6636,0.39125,0.40094,0.41,0.12
965472300,9.55591,80.6526,39.6699,35.6636,31.3531,0.40094,0.41,0.41469,0.12
965473200,9.87048,80.2195,35.6636,31.3531,27.2106,0.41,0.41469,0.42125,0.12
965474100,10.1151,79.6626,31.3531,27.2106,23.2362,0.41469,0.42125,0.42969,0.12
965475000,10.2899,78.982,27.2106,23.2362,19.4298,0.42125,0.42969,0.44,0.1398
965475900,10.1641,78.1776,23.2362,19.4298,15.2554,0.42969,0.44,0.45219,0.1399
965476800,10.1221,77.2495,19.4298,15.2554,11.6064,0.44,0.45219,0.46625,0.12
965477700,10.1641,76.1976,15.2554,11.6064,8.48262,0.45219,0.46625,0.48219,0.14
965478600,10.2899,75.022,11.6064,8.48262,5.88415,0.46625,0.48219,0.5,0.1399
965479500,10.6464,72.9801,8.48262,5.88415,4.18664,0.48219,0.5,0.53281,0.14
965480400,10.9889,71.3095,5.88415,4.18664,2.76398,0.5,0.53281,0.55875,0.14
965481300,11.3175,70.0101,4.18664,2.76398,1.61617,0.53281,0.55875,0.57781,0.14
965482200,11.6321,69.082,2.76398,1.61617,0.74322,0.55875,0.57781,0.59,0.14
965483100,11.702,69.2845,1.61617,0.74322,0.48774,0.57781,0.59,0.58125,0.1402
965484000,11.9117,69.352,0.74322,0.48774,0.27871,0.59,0.58125,0.575,0.1402
965484900,12.2612,69.2845,0.48774,0.27871,0.11613,0.58125,0.575,0.57125,0.1402
965485800,12.7505,69.082,0.27871,0.11613,0.0,0.575,0.57125,0.57,0.1402
965486700,14.2185,68.5251,0.11613,0.0,0.0,0.57125,0.57,0.57313,0.1402
965487600,15.2671,67.9795,0.0,0.0,0.0,0.57,0.57313,0.5775,0.1402
965488500,15.8962,67.4451,0.0,0.0,0.0,0.57313,0.5775,0.58313,0.14
965489400,16.1059,66.922,0.0,0.0,0.0,0.5775,0.58313,0.59,0.14
965490300,15.1832,66.427,0.0,0.0,0.0,0.58313,0.59,0.59906,0.14
965491200,14.3164,65.932,0.0,0.0,0.0,0.59,0.59906,0.60875,0.14
965492100,13.5055,65.437,0.0,0.0,0.0,0.59906,0.60875,0.61906,0.14
965493000,12.7505,64.942,0.0,0.0,0.0,0.60875,0.61906,0.63,0.14
965493900,11.7789,64.3457,0.0,0.0,0.0,0.61906,0.63,0.64813,0.14
965494800,11.0449,63.817,0.0,0.0,0.0,0.63,0.64813,0.6625,0.14
965495700,10.5486,63.3557,0.0,0.0,0.0,0.64813,0.6625,0.67313,0.14
965496600,10.2899,62.962,0.0,0.0,0.0,0.6625,0.67313,0.68,0.14
965497500,10.7513,62.7539,0.0,0.0,0.0,0.67313,0.68,0.67375,0.14
965498400,11.1288,62.5345,0.0,0.0,0.0,0.68,0.67375,0.67,0.14
965499300,11.4224,62.3039,0.0,0.0,0.0,0.67375,0.67,0.66875,0.14
965500200,11.6321,62.062,0.0,0.0,0.0,0.67,0.66875,0.67,0.14
965501100,11.5272,61.6907,0.0,0.0,0.0,0.66875,0.67,0.68031,0.14
965502000,11.4923,61.387,0.0,0.0,0.0,0.67,0.68031,0.68875,0.14
965502900,11.5272,61.1507,0.0,0.0,0.0,0.68031,0.68875,0.69531,0.14
965503800,11.6321,60.982,0.0,0.0,0.0,0.68875,0.69531,0.7,0.14
965504700,12.0165,60.982,0.0,0.0,0.0,0.69531,0.7,0.70281,0.14
965505600,12.3311,60.982,0.0,0.0,0.0,0.7,0.70281,0.70375,0.14
965506500,12.5758,60.982,0.0,0.0,0.0,0.70281,0.70375,0.70281,0.14
965507400,12.7505,60.982,0.0,0.0,0.0,0.70375,0.70281,0.7,0.14
965508300,13.2958,61.0664,0.0,0.0,0.0,0.70281,0.7,0.68688,0.14
965509200,13.4775,61.0945,0.0,0.0,0.0,0.7,0.68688,0.6775,0.14
965510100,13.2958,61.0664,0.0,0.0,0.0,0.68688,0.6775,0.67188,0.14
965511000,12.7505,60.982,0.0,0.0,0.0,0.6775,0.67188,0.67,0.14
965511900,10.7513,60.487,0.0,0.0,0.0,0.67188,0.67,0.68313,0.14
965512800,9.11552,60.172,0.0,0.0,0.0,0.67,0.68313,0.6925,0.14
965513700,7.84326,60.037,0.0,0.0,0.0,0.68313,0.6925,0.69813,0.14
965514600,6.9345,60.082,0.0,0.0,0.27894,0.6925,0.69813,0.7,0.14
965515500,6.72479,60.4926,0.0,0.27894,1.2301,0.69813,0.7,0.69531,0.14
965516400,6.65489,60.9595,0.27894,1.2301,2.57412,0.7,0.69531,0.68875,0.14
965517300,6.72479,61.4826,1.2301,2.57412,4.311,0.69531,0.68875,0.68031,0.14
965518200,6.9345,62.062,2.57412,4.311,6.44076,0.68875,0.68031,0.67,0.14
965519100,7.70345,62.8664,4.311,6.44076,9.64495,0.68031,0.67,0.65313,0.14
965520000,8.33259,63.6145,6.44076,9.64495,12.7876,0.67,0.65313,0.6375,0.14
965520900,8.82192,64.3064,9.64495,12.7876,15.8688,0.65313,0.6375,0.62313,0.12
965521800,9.17144,64.942,12.7876,15.8688,18.8884,0.6375,0.62313,0.61,0.12
965522700,8.8359,65.2345,15.8688,18.8884,21.2661,0.62313,0.61,0.60188,0.12
965523600,8.72405,65.662,18.8884,21.2661,23.9692,0.61,0.60188,0.5925,0.12
965524500,8.8359,66.2245,21.2661,23.9692,26.9978,0.60188,0.5925,0.58188,0.12
965525400,9.17144,66.922,23.9692,26.9978,30.352,0.5925,0.58188,0.57,0.12
965526300,10.6324,68.0751,26.9978,30.352,34.563,0.58188,0.57,0.55219,0.1212
965527200,11.716,69.1495,30.352,34.563,38.7453,0.57,0.55219,0.53625,0.1226
965528100,12.422,70.1451,34.563,38.7453,42.8989,0.55219,0.53625,0.52219,0.1214
965529000,12.7505,71.062,38.7453,42.8989,47.0236,0.53625,0.52219,0.51,0.12
965529900,12.0096,71.9507,42.8989,47.0236,51.6486,0.52219,0.51,0.49969,0.122
965530800,11.3525,72.727,47.0236,51.6486,55.8922,0.51,0.49969,0.49125,0.12
965531700,10.7792,73.3907,51.6486,55.8922,59.7542,0.49969,0.49125,0.48469,0.12
965532600,10.2899,73.942,55.8922,59.7542,63.2348,0.49125,0.48469,0.48,0.12
965533500,9.67475,74.1276,59.7542,63.2348,66.0051,0.48469,0.48,0.48094,0.12
965534400,9.28329,74.3695,63.2348,66.0051,68.613,0.48,0.48094,0.48125,0.12
965535300,9.11552,74.6676,66.0051,68.613,71.0586,0.48094,0.48125,0.48094,0.12
965536200,9.17144,75.022,68.613,71.0586,73.3419,0.48125,0.48094,0.48,0.12
965537100,9.91242,75.517,71.0586,73.3419,76.0418,0.48094,0.48,0.48125,0.12
965538000,10.5695,76.012,73.3419,76.0418,78.1934,0.48,0.48125,0.48,0.12
965538900,11.1427,76.507,76.0418,78.1934,79.7968,0.48125,0.48,0.47625,0.12
965539800,11.6321,77.002,78.1934,79.7968,80.8518,0.48,0.47625,0.47,0.12
965540700,12.0165,77.3957,79.7968,80.8518,80.8859,0.47625,0.47,0.45375,0.12
965541600,12.3311,77.857,80.8518,80.8859,80.6869,0.47,0.45375,0.44,0.12
965542500,12.5758,78.3857,80.8859,80.6869,80.2547,0.45375,0.44,0.42875,0.12
965543400,12.7505,78.982,80.6869,80.2547,79.5894,0.44,0.42875,0.42,0.12
965544300,12.8554,79.8482,80.2547,79.5894,78.7565,0.42875,0.42,0.4175,0.12
965545200,12.8903,80.647,79.5894,78.7565,77.6468,0.42,0.4175,0.415,0.12
965546100,12.8554,81.3782,78.7565,77.6468,76.2602,0.4175,0.415,0.4125,0.12
965547000,12.7505,82.042,77.6468,76.2602,74.5966,0.415,0.4125,0.41,0.12
965547900,12.3661,82.8239,76.2602,74.5966,72.7669,0.4125,0.41,0.40563,0.12
965548800,12.0515,83.4145,74.5966,72.7669,70.5864,0.41,0.40563,0.4025,0.12
965549700,11.8068,83.8139,72.7669,70.5864,68.0553,0.40563,0.4025,0.40063,0.12
965550600,11.6321,84.022,70.5864,68.0553,65.1735,0.4025,0.40063,0.4,0.12
965551500,11.7579,83.7351,68.0553,65.1735,61.4965,0.40063,0.4,0.40156,0.12
965552400,11.7998,83.4595,65.1735,61.4965,57.7652,0.4,0.40156,0.40375,0.12
965553300,11.7579,83.1951,61.4965,57.7652,53.9793,0.40156,0.40375,0.40656,0.12
965554200,11.6321,82.942,57.7652,53.9793,50.1391,0.40375,0.40656,0.41,0.12
965555100,11.0449,82.8182,53.9793,50.1391,46.1578,0.40656,0.41,0.415,0.12
965556000,10.6254,82.627,50.1391,46.1578,42.1797,0.41,0.415,0.42,0.12
965556900,10.3738,82.3682,46.1578,42.1797,38.2049,0.415,0.42,0.425,0.12
965557800,10.2899,82.042,42.1797,38.2049,34.2334,0.42,0.425,0.43,0.12
965558700,10.7513,81.547,38.2049,34.2334,29.9381,0.425,0.43,0.43688,0.1283
965559600,11.1288,81.052,34.2334,29.9381,25.8641,0.43,0.43688,0.4425,0.1278
965560500,11.4224,80.557,29.9381,25.8641,22.0114,0.43688,0.4425,0.44688,0.12
965561400,11.6321,80.062,25.8641,22.0114,18.3801,0.4425,0.44688,0.45,0.1282
965562300,11.6321,79.6682,22.0114,18.3801,14.6383,0.44688,0.45,0.44531,0.1305
965563200,11.6321,79.207,18.3801,14.6383,11.339,0.45,0.44531,0.44375,0.1304
965564100,11.6321,78.6782,14.6383,11.339,8.48221,0.44531,0.44375,0.44531,0.1306
965565000,11.6321,78.082,11.339,8.48221,6.06796,0.44375,0.44531,0.45,0.1305
965565900,11.6321,77.2157,8.48221,6.06796,4.34791,0.44531,0.45,0.46719,0.1304
965566800,11.6321,76.417,6.06796,4.34791,2.90258,0.45,0.46719,0.48125,0.1303
965567700,11.6321,75.6857,4.34791,2.90258,1.73199,0.46719,0.48125,0.49219,0.1315
965568600,11.6321,75.022,2.90258,1.73199,0.83613,0.48125,0.49219,0.5,0.1346
965569500,11.2126,74.527,1.73199,0.83613,0.54871,0.49219,0.5,0.50094,0.1358
965570400,11.0728,74.032,0.83613,0.54871,0.31355,0.5,0.50094,0.50125,0.1366
965571300,11.2126,73.537,0.54871,0.31355,0.13065,0.50094,0.50125,0.50094,0.1378
965572200,11.6321,73.042,0.31355,0.13065,0.0,0.50125,0.50094,0.5,0.1392
965573100,13.7152,72.6482,0.13065,0.0,0.0,0.50094,0.5,0.49281,0.14
965574000,15.1552,72.187,0.0,0.0,0.0,0.5,0.49281,0.48875,0.14
965574900,15.9522,71.6582,0.0,0.0,0.0,0.49281,0.48875,0.48781,0.14
965575800,16.1059,71.062,0.0,0.0,0.0,0.48875,0.48781,0.49,0.14
965576700,14.1067,70.1114,0.0,0.0,0.0,0.48781,0.49,0.50188,0.14
965577600,12.4709,69.2845,0.0,0.0,0.0,0.49,0.50188,0.5125,0.14
965578500,11.1987,68.5814,0.0,0.0,0.0,0.50188,0.5125,0.52188,0.14
965579400,10.2899,68.002,0.0,0.0,0.0,0.5125,0.52188,0.53,0.14
965580300,10.0592,67.6307,0.0,0.0,0.0,0.52188,0.53,0.53688,0.14
965581200,9.98233,67.327,0.0,0.0,0.0,0.53,0.53688,0.5425,0.14
965582100,10.0592,67.0907,0.0,0.0,0.0,0.53688,0.5425,0.54688,0.14
965583000,10.2899,66.922,0.0,0.0,0.0,0.5425,0.54688,0.55,0.14
965583900,11.7859,67.2932,0.0,0.0,0.0,0.54688,0.55,0.5425,0.14
965584800,12.6946,67.417,0.0,0.0,0.0,0.55,0.5425,0.54,0.14
965585700,13.0162,67.2932,0.0,0.0,0.0,0.5425,0.54,0.5425,0.14
965586600,12.7505,66.922,0.0,0.0,0.0,0.54,0.5425,0.55,0.14
965587500,9.94738,65.3751,0.0,0.0,0.0,0.5425,0.55,0.58125,0.14
965588400,7.85724,64.1995,0.0,0.0,0.0,0.55,0.58125,0.605,0.14
965589300,6.48012,63.3951,0.0,0.0,0.0,0.58125,0.605,0.62125,0.14
965590200,5.81603,62.962,0.0,0.0,0.0,0.605,0.62125,0.63,0.14
965591100,7.2281,64.0139,0.0,0.0,0.0,0.62125,0.63,0.61063,0.14
965592000,8.44443,64.6945,0.0,0.0,0.0,0.63,0.61063,0.5975,0.14
965592900,9.46504,65.0039,0.0,0.0,0.0,0.61063,0.5975,0.59063,0.14
965593800,10.2899,64.942,0.0,0.0,0.0,0.5975,0.59063,0.59,0.14
965594700,11.0868,63.3951,0.0,0.0,0.0,0.59063,0.59,0.6125,0.14
965595600,11.5761,62.2195,0.0,0.0,0.0,0.59,0.6125,0.63,0.14
965596500,11.7579,61.4151,0.0,0.0,0.0,0.6125,0.63,0.6425,0.14
965597400,11.6321,60.982,0.0,0.0,0.0,0.63,0.6425,0.65,0.14
965598300,10.5066,61.6626,0.0,0.0,0.0,0.6425,0.65,0.64313,0.14
965599200,9.53494,62.2195,0.0,0.0,0.0,0.65,0.64313,0.6375,0.14
965600100,8.71706,62.6526,0.0,0.0,0.0,0.64313,0.6375,0.63313,0.14
965601000,8.05297,62.962,0.0,0.0,0.0929,0.6375,0.63313,0.63,0.14
965601900,7.45878,62.6751,0.0,0.0929,0.84902,0.63313,0.63,0.63563,0.14
965602800,7.07431,62.5795,0.0929,0.84902,2.00243,0.63,0.63563,0.6375,0.14
965603700,6.89955,62.6751,0.84902,2.00243,3.55313,0.63563,0.6375,0.63563,0.14
965604600,6.9345,62.962,2.00243,3.55313,5.50113,0.6375,0.63563,0.63,0.14
965605500,7.80831,63.727,3.55313,5.50113,8.09406,0.63563,0.63,0.61313,0.14
965606400,8.4724,64.492,5.50113,8.09406,10.9192,0.63,0.61313,0.5975,0.14
965607300,8.92677,65.257,8.09406,10.9192,13.9765,0.61313,0.5975,0.58313,0.1324
965608200,9.17144,66.022,10.9192,13.9765,17.2661,0.5975,0.58313,0.57,0.13
965609100,8.89182,66.8882,13.9765,17.2661,21.0277,0.58313,0.57,0.56,0.128
965610000,8.6122,67.687,17.2661,21.0277,24.8616,0.57,0.56,0.55,0.1257
965610900,8.33259,68.4182,21.0277,24.8616,28.7678,0.56,0.55,0.54,0.1261
965611800,8.05297,69.082,24.8616,28.7678,32.7463,0.55,0.54,0.53,0.1235
965612700,7.2281,69.4926,28.7678,32.7463,37.3083,0.54,0.53,0.51906,0.1222
965613600,6.76673,69.9595,32.7463,37.3083,41.6017,0.53,0.51906,0.50875,0.122
965614500,6.66887,70.4826,37.3083,41.6017,45.6266,0.51906,0.50875,0.49906,0.12
965615400,6.9345,71.062,41.6017,45.6266,49.383,0.50875,0.49906,0.49,0.12
965616300,8.77997,71.8664,45.6266,49.383,52.7103,0.49906,0.49,0.48063,0.12
965617200,10.1781,72.6145,49.383,52.7103,55.8761,0.49,0.48063,0.4725,0.12
965618100,11.1288,73.3064,52.7103,55.8761,58.8803,0.48063,0.4725,0.46563,0.12
965619000,11.6321,73.942,55.8761,58.8803,61.7228,0.4725,0.46563,0.46,0.12
965619900,10.4507,74.4201,58.8803,61.7228,64.2877,0.46563,0.46,0.45938,0.12
965620800,9.64679,74.9095,61.7228,64.2877,66.7684,0.46,0.45938,0.4575,0.12
965621700,9.22037,75.4101,64.2877,66.7684,69.1649,0.45938,0.4575,0.45438,0.12
965622600,9.17144,75.922,66.7684,69.1649,71.4771,0.4575,0.45438,0.45,0.12
965623500,10.4018,76.5801,69.1649,71.4771,74.4292,0.45438,0.45,0.44063,0.12
965624400,11.4084,77.1595,71.4771,74.4292,76.8143,0.45,0.44063,0.4325,0.12
965625300,12.1913,77.6601,74.4292,76.8143,78.6324,0.44063,0.4325,0.42563,0.12
965626200,12.7505,78.082,76.8143,78.6324,79.8835,0.4325,0.42563,0.42,0.12
965627100,12.6457,78.2057,78.6324,79.8835,80.1254,0.42563,0.42,0.41844,0.12
965628000,12.6107,78.397,79.8835,80.1254,80.0951,0.42,0.41844,0.41625,0.12
965628900,12.6457,78.6557,80.1254,80.0951,79.7928,0.41844,0.41625,0.41344,0.12
965629800,12.7505,78.982,80.0951,79.7928,79.2183,0.41625,0.41344,0.41,0.12
965630700,13.4706,79.477,79.7928,79.2183,78.3461,0.41344,0.41,0.40594,0.12
965631600,13.897,79.972,79.2183,78.3461,77.2189,0.41,0.40594,0.40125,0.12
965632500,14.0298,80.467,78.3461,77.2189,75.8368,0.40594,0.40125,0.39594,0.12
965633400,13.869,80.962,77.2189,75.8368,74.1997,0.40125,0.39594,0.39,0.12
965634300,12.408,81.6426,75.8368,74.1997,72.5304,0.39594,0.39,0.38531,0.12
965635200,11.3245,82.1995,74.1997,72.5304,70.4576,0.39,0.38531,0.37875,0.12
965636100,10.6185,82.6326,72.5304,70.4576,67.9814,0.38531,0.37875,0.37031,0.12
965637000,10.2899,82.942,70.4576,67.9814,65.1017,0.37875,0.37031,0.36,0.12
965637900,11.2406,82.942,67.9814,65.1017,61.1602,0.37031,0.36,0.34031,0.12
965638800,11.9676,82.942,65.1017,61.1602,57.2542,0.36,0.34031,0.32375,0.12
965639700,12.4709,82.942,61.1602,57.2542,53.3836,0.34031,0.32375,0.31031,0.12
965640600,12.7505,82.942,57.2542,53.3836,49.5484,0.32375,0.31031,0.3,0.12
965641500,11.9466,83.3132,53.3836,49.5484,45.9088,0.31031,0.3,0.29,0.12
965642400,11.4923,83.437,49.5484,45.9088,42.1979,0.3,0.29,0.285,0.12
965643300,11.3874,83.3132,45.9088,42.1979,38.4157,0.29,0.285,0.285,0.1252
965644200,11.6321,82.942,42.1979,38.4157,34.562,0.285,0.285,0.29,0.1251
965645100,13.8201,81.8676,38.4157,34.562,30.2461,0.285,0.29,0.31688,0.1304
965646000,15.2951,80.8495,34.562,30.2461,26.1194,0.29,0.31688,0.3375,0.1305
965646900,16.057,79.8876,30.2461,26.1194,22.1819,0.31688,0.3375,0.35188,0.1305
965647800,16.1059,78.982,26.1194,22.1819,18.4336,0.3375,0.35188,0.36,0.1306
965648700,13.3867,78.1157,22.1819,18.4336,14.3601,0.35188,0.36,0.34313,0.1306
965649600,11.3245,77.317,18.4336,14.3601,10.8186,0.36,0.34313,0.3325,0.1306
965650500,9.91941,76.5857,14.3601,10.8186,7.80923,0.34313,0.3325,0.32813,0.1306
965651400,9.17144,75.922,10.8186,7.80923,5.33191,0.3325,0.32813,0.33,0.1306
965652300,10.5066,75.3257,7.80923,5.33191,3.82423,0.32813,0.33,0.34938,0.1306
965653200,11.5482,74.797,5.33191,3.82423,2.55688,0.33,0.34938,0.3675,0.1306
965654100,12.2962,74.3357,3.82423,2.55688,1.52988,0.34938,0.3675,0.38438,0.1319
965655000,12.7505,73.942,2.55688,1.52988,0.74322,0.3675,0.38438,0.4,0.1348
965655900,12.0515,73.9195,1.52988,0.74322,0.48774,0.38438,0.4,0.41531,0.1359
965656800,11.6321,73.762,0.74322,0.48774,0.27871,0.4,0.41531,0.42875,0.1371
965657700,11.4923,73.4695,0.48774,0.27871,0.11613,0.41531,0.42875,0.44031,0.1383
965658600,11.6321,73.042,0.27871,0.11613,0.0,0.42875,0.44031,0.45,0.14
965659500,13.1001,72.1757,0.11613,0.0,0.0,0.44031,0.45,0.455,0.14
965660400,14.1486,71.377,0.0,0.0,0.0,0.45,0.455,0.46,0.14
965661300,14.7778,70.6457,0.0,0.0,0.0,0.455,0.46,0.465,0.14
965662200,14.9875,69.982,0.0,0.0,0.0,0.46,0.465,0.47,0.14
965663100,14.1696,69.5882,0.0,0.0,0.0,0.465,0.47,0.47406,0.14
965664000,13.3377,69.127,0.0,0.0,0.0,0.47,0.47406,0.47875,0.14
965664900,12.4919,68.5982,0.0,0.0,0.0,0.47406,0.47875,0.48406,0.14
965665800,11.6321,68.002,0.0,0.0,0.0,0.47875,0.48406,0.49,0.14
965666700,10.5066,66.8489,0.0,0.0,0.0,0.48406,0.49,0.50125,0.14
965667600,9.53494,65.9545,0.0,0.0,0.0,0.49,0.50125,0.51,0.14
965668500,8.71706,65.3189,0.0,0.0,0.0,0.50125,0.51,0.51625,0.14
965669400,8.05297,64.942,0.0,0.0,0.0,0.51,0.51625,0.52,0.14
965670300,7.56364,65.4145,0.0,0.0,0.0,0.51625,0.52,0.5175,0.14
965671200,7.21412,65.752,0.0,0.0,0.0,0.52,0.5175,0.515,0.14
965672100,7.00441,65.9545,0.0,0.0,0.0,0.5175,0.515,0.5125,0.14
965673000,6.9345,66.022,0.0,0.0,0.0,0.515,0.5125,0.51,0.14
965673900,7.42383,66.1064,0.0,0.0,0.0,0.5125,0.51,0.49531,0.14
965674800,7.77335,65.9545,0.0,0.0,0.0,0.51,0.49531,0.48875,0.14
965675700,7.98307,65.5664,0.0,0.0,0.0,0.49531,0.48875,0.49031,0.14
965676600,8.05297,64.942,0.0,0.0,0.0,0.48875,0.49031,0.5,0.14
965677500,7.77335,63.3726,0.0,0.0,0.0,0.49031,0.5,0.53375,0.14
965678400,7.49374,62.0395,0.0,0.0,0.0,0.5,0.53375,0.565,0.14
965679300,7.21412,60.9426,0.0,0.0,0.0,0.53375,0.565,0.59375,0.14
965680200,6.9345,60.082,0.0,0.0,0.0,0.565,0.59375,0.62,0.14
965681100,6.78071,59.812,0.0,0.0,0.0,0.59375,0.62,0.6475,0.14
965682000,6.54304,59.542,0.0,0.0,0.0,0.62,0.6475,0.67,0.14
965682900,6.22148,59.272,0.0,0.0,0.0,0.6475,0.67,0.6875,0.14
965683800,5.81603,59.002,0.0,0.0,0.0,0.67,0.6875,0.7,0.14
965684700,4.73951,58.3439,0.0,0.0,0.0,0.6875,0.7,0.70281,0.14
965685600,3.97056,57.9445,0.0,0.0,0.0,0.7,0.70281,0.70375,0.16
965686500,3.50919,57.8039,0.0,0.0,0.0,0.70281,0.70375,0.70281,0.3
965687400,3.3554,57.922,0.0,0.0,0.0,0.70375,0.70281,0.7,0.3
965688300,4.3061,58.5014,0.0,0.0,0.80161,0.70281,0.7,0.69906,0.3
965689200,5.03311,59.2045,0.0,0.80161,2.01512,0.7,0.69906,0.69375,0.3
965690100,5.53642,60.0314,0.80161,2.01512,3.64055,0.69906,0.69375,0.68406,0.16
965691000,5.81603,60.982,2.01512,3.64055,5.6779,0.69375,0.68406,0.67,0.14
965691900,5.3267,62.6301,3.64055,5.6779,9.27402,0.68406,0.67,0.63375,0.14
965692800,4.97718,64.0195,5.6779,9.27402,12.5175,0.67,0.63375,0.605,0.14
965693700,4.76747,65.1501,9.27402,12.5175,15.4083,0.63375,0.605,0.58375,0.1378
965694600,4.69757,66.022,12.5175,15.4083,17.9464,0.605,0.58375,0.57,0.12
965695500,4.97718,66.6014,15.4083,17.9464,20.8078,0.58375,0.57,0.57313,0.12
965696400,5.2568,66.9445,17.9464,20.8078,22.8659,0.57,0.57313,0.5775,0.12
965697300,5.53642,67.0514,20.8078,22.8659,24.1207,0.57313,0.5775,0.58313,0.12
965698200,5.81603,66.922,22.8659,24.1207,24.5722,0.5775,0.58313,0.59,0.12
965699100,6.09565,65.932,24.1207,24.5722,21.2777,0.58313,0.59,0.60188,0.1375
965700000,6.37527,65.122,24.5722,21.2777,19.1418,0.59,0.60188,0.6125,0.1376
965700900,6.65489,64.492,21.2777,19.1418,18.1645,0.60188,0.6125,0.62188,0.14
965701800,6.9345,64.042,19.1418,18.1645,18.3459,0.6125,0.62188,0.63,0.14
965702700,7.52869,63.2995,18.1645,18.3459,20.4691,0.62188,0.63,0.65,0.14
965703600,7.91316,63.052,18.3459,20.4691,23.2288,0.63,0.65,0.66,0.14
965704500,8.08792,63.2995,20.4691,23.2288,26.6251,0.65,0.66,0.66,0.14
965705400,8.05297,64.042,23.2288,26.6251,30.6578,0.66,0.66,0.65,0.14
965706300,7.28402,66.8489,26.6251,30.6578,39.4727,0.66,0.65,0.6,0.139
965707200,6.65489,69.1045,30.6578,39.4727,46.1604,0.65,0.6,0.56,0.1302
965708100,6.16556,70.8089,39.4727,46.1604,50.7207,0.6,0.56,0.53,0.12
965709000,5.81603,71.962,46.1604,50.7207,53.1537,0.56,0.53,0.51,0.12
965709900,6.04672,71.197,50.7207,53.1537,48.4456,0.53,0.51,0.5225,0.12
965710800,6.12361,70.792,53.1537,48.4456,44.9527,0.51,0.5225,0.53,0.12
965711700,6.04672,70.747,48.4456,44.9527,42.675,0.5225,0.53,0.5325,0.12
965712600,5.81603,71.062,44.9527,42.675,41.6123,0.53,0.5325,0.53,0.1239
965713500,4.5298,72.7326,42.675,41.6123,43.93,0.5325,0.53,0.50938,0.1394
965714400,3.69094,74.0995,41.6123,43.93,46.0193,0.53,0.50938,0.4925,0.1396
965715300,3.29948,75.1626,43.93,46.0193,47.8803,0.50938,0.4925,0.47938,0.1398
965716200,3.3554,75.922,46.0193,47.8803,49.513,0.4925,0.47938,0.47,0.14
965717100,4.86534,75.8207,47.8803,49.513,51.2288,0.47938,0.47,0.47375,0.1402
965718000,6.15157,75.787,49.513,51.2288,52.5087,0.47,0.47375,0.475,0.14
965718900,7.21412,75.8207,51.2288,52.5087,53.3526,0.47375,0.475,0.47375,0.14
965719800,8.05297,75.922,52.5087,53.3526,53.7605,0.475,0.47375,0.47,0.1347
965720700,8.5423,75.922,53.3526,53.7605,52.8653,0.47375,0.47,0.46,0.14
965721600,8.89182,76.102,53.7605,52.8653,52.1122,0.47,0.46,0.45,0.14
965722500,9.10153,76.462,52.8653,52.1122,51.5013,0.46,0.45,0.44,0.14
965723400,9.17144,77.002,52.1122,51.5013,51.0326,0.45,0.44,0.43,0.14
965724300,8.89182,78.3632,51.5013,51.0326,52.4208,0.44,0.43,0.41625,0.14
965725200,8.6122,79.477,51.0326,52.4208,52.808,0.43,0.41625,0.405,0.14
965726100,8.33259,80.3432,52.4208,52.808,52.1943,0.41625,0.405,0.39625,0.14
965727000,8.05297,80.962,52.808,52.1943,50.5797,0.405,0.39625,0.39,0.14
965727900,7.77335,81.0464,52.1943,50.5797,46.3698,0.39625,0.39,0.38813,0.12
965728800,7.49374,81.0745,50.5797,46.3698,42.2219,0.39,0.38813,0.3875,0.14
965729700,7.21412,81.0464,46.3698,42.2219,38.1357,0.38813,0.3875,0.38813,0.1399
965730600,6.9345,80.962,42.2219,38.1357,34.1114,0.3875,0.38813,0.39,0.14
965731500,6.44517,80.8382,38.1357,34.1114,29.987,0.38813,0.39,0.39406,0.14
965732400,6.09565,80.647,34.1114,29.987,26.0324,0.39,0.39406,0.39875,0.14
965733300,5.88594,80.3882,29.987,26.0324,22.2475,0.39406,0.39875,0.40406,0.14
965734200,5.81603,80.062,26.0324,22.2475,18.6325,0.39875,0.40406,0.41,0.14
965735100,6.30536,79.8539,22.2475,18.6325,14.6999,0.40406,0.41,0.41281,0.14
965736000,6.65489,79.4545,18.6325,14.6999,11.2619,0.41,0.41281,0.41875,0.14
965736900,6.8646,78.8639,14.6999,11.2619,8.31863,0.41281,0.41875,0.42781,0.14
965737800,6.9345,78.082,11.2619,8.31863,5.86999,0.41875,0.42781,0.44,0.14
965738700,6.55003,77.0076,8.31863,5.86999,4.29928,0.42781,0.44,0.4525,0.14
965739600,6.23546,75.8095,5.86999,4.29928,2.9677,0.44,0.4525,0.47,0.14
965740500,5.9908,74.4876,4.29928,2.9677,1.87525,0.4525,0.47,0.4925,0.14
965741400,5.81603,73.042,2.9677,1.87525,1.02193,0.47,0.4925,0.52,0.1442
965742300,5.50147,70.8145,1.87525,1.02193,0.67064,0.4925,0.52,0.57313,0.1552
965743200,5.39661,68.902,1.02193,0.67064,0.38323,0.52,0.57313,0.6175,0.1568
965744100,5.50147,67.3045,0.67064,0.38323,0.15968,0.57313,0.6175,0.65313,0.1562
965745000,5.81603,66.022,0.38323,0.15968,0.0,0.6175,0.65313,0.68,0.1553
965745900,7.17917,65.527,0.15968,0.0,0.0,0.65313,0.68,0.68406,0.1534
965746800,8.19278,65.032,0.0,0.0,0.0,0.68,0.68406,0.68875,0.1452
965747700,8.85687,64.537,0.0,0.0,0.0,0.68406,0.68875,0.69406,0.14
965748600,9.17144,64.042,0.0,0.0,0.0,0.68875,0.69406,0.7,0.14
965749500,8.19278,63.6482,0.0,0.0,0.0,0.69406,0.7,0.70281,0.14
965750400,7.49374,63.187,0.0,0.0,0.0,0.7,0.70281,0.70875,0.14
965751300,7.07431,62.6582,0.0,0.0,0.0,0.70281,0.70875,0.71781,0.1453
965752200,6.9345,62.062,0.0,0.0,0.0,0.70875,0.71781,0.73,0.1453
965753100,7.59859,61.1114,0.0,0.0,0.0,0.71781,0.73,0.7575,0.1454
965754000,8.19278,60.2845,0.0,0.0,0.0,0.73,0.7575,0.78,0.14
965754900,8.71706,59.5814,0.0,0.0,0.0,0.7575,0.78,0.7975,0.14
965755800,9.17144,59.002,0.0,0.0,0.0,0.78,0.7975,0.81,0.14
965756700,9.43008,58.7151,0.0,0.0,0.0,0.7975,0.81,0.80719,0.14
965757600,9.70271,58.4395,0.0,0.0,0.0,0.81,0.80719,0.80625,0.14
965758500,9.98932,58.1751,0.0,0.0,0.0,0.80719,0.80625,0.80719,0.14
