tstamp,windspeed-2,windspeed-1,windspeed0,temperature-2,temperature-1,temperature0,solarflux-2,solarflux-1,solarflux0,humidity-2,humidity-1,humidity0
965070000,10.2899,10.982,11.4363,57.922,57.6126,57.3595,0.0,0.0,0.0,0.81,0.82031,0.82875
965070900,10.982,11.4363,11.653,57.6126,57.3595,57.1626,0.0,0.0,0.0,0.82031,0.82875,0.83531
965071800,11.4363,11.653,11.6321,57.3595,57.1626,57.022,0.0,0.0,0.0,0.82875,0.83531,0.84
965072700,11.653,11.6321,10.9959,57.1626,57.022,57.1232,0.0,0.0,0.0,0.83531,0.84,0.83719
965073600,11.6321,10.9959,10.3738,57.022,57.1232,57.157,0.0,0.0,0.0,0.84,0.83719,0.83625
965074500,10.9959,10.3738,9.76563,57.1232,57.157,57.1232,0.0,0.0,0.0,0.83719,0.83625,0.83719
965075400,10.3738,9.76563,9.17144,57.157,57.1232,57.022,0.0,0.0,0.0,0.83625,0.83719,0.84
965076300,9.76563,9.17144,8.19278,57.1232,57.022,56.5495,0.0,0.0,0.0,0.83719,0.84,0.85594
965077200,9.17144,8.19278,7.49374,57.022,56.5495,56.212,0.0,0.0,0.0,0.84,0.85594,0.86625
965078100,8.19278,7.49374,7.07431,56.5495,56.212,56.0095,0.0,0.0,0.0,0.85594,0.86625,0.87094
965079000,7.49374,7.07431,6.9345,56.212,56.0095,55.942,0.0,0.0,0.0,0.86625,0.87094,0.87
965079900,7.07431,6.9345,7.59859,56.0095,55.942,56.3132,0.0,0.0,0.0,0.87094,0.87,0.84938
965080800,6.9345,7.59859,8.19278,55.942,56.3132,56.617,0.0,0.0,0.0,0.87,0.84938,0.8325
965081700,7.59859,8.19278,8.71706,56.3132,56.617,56.8532,0.0,0.0,0.0,0.84938,0.8325,0.81938
965082600,8.19278,8.71706,9.17144,56.617,56.8532,57.022,0.0,0.0,0.0,0.8325,0.81938,0.81
965083500,8.71706,9.17144,9.43008,56.8532,57.022,56.8364,0.0,0.0,0.0,0.81938,0.81,0.81563
965084400,9.17144,9.43008,9.70271,57.022,56.8364,56.7745,0.0,0.0,0.18849,0.81,0.81563,0.8175
965085300,9.43008,9.70271,9.98932,56.8364,56.7745,56.8364,0.0,0.18849,0.70973,0.81563,0.8175,0.81563
965086200,9.70271,9.98932,10.2899,56.7745,56.8364,57.022,0.18849,0.70973,1.51563,0.8175,0.81563,0.81
965087100,9.98932,10.2899,10.7513,56.8364,57.022,57.6014,0.70973,1.51563,3.23812,0.81563,0.81,0.79219
965088000,10.2899,10.7513,11.1288,57.022,57.6014,58.1245,1.51563,3.23812,4.82398,0.81,0.79219,0.77625
965088900,10.7513,11.1288,11.4224,57.6014,58.1245,58.5914,3.23812,4.82398,6.27322,0.79219,0.77625,0.76219
965089800,11.1288,11.4224,11.6321,58.1245,58.5914,59.002,4.82398,6.27322,7.58584,0.77625,0.76219,0.75
965090700,11.4224,11.6321,11.4224,58.5914,59.002,59.1876,6.27322,7.58584,8.58638,0.76219,0.75,0.74625
965091600,11.6321,11.4224,11.3525,59.002,59.1876,59.4295,7.58584,8.58638,9.56726,0.75,0.74625,0.74
965092500,11.4224,11.3525,11.4224,59.1876,59.4295,59.7276,8.58638,9.56726,10.5285,0.74625,0.74,0.73125
965093400,11.3525,11.4224,11.6321,59.4295,59.7276,60.082,9.56726,10.5285,11.47,0.74,0.73125,0.72
965094300,11.4224,11.6321,12.7366,59.7276,60.082,60.577,10.5285,11.47,11.5494,0.73125,0.72,0.69781
965095200,11.6321,12.7366,13.4775,60.082,60.577,61.072,11.47,11.5494,12.1708,0.72,0.69781,0.67875
965096100,12.7366,13.4775,13.855,60.577,61.072,61.567,11.5494,12.1708,13.3342,0.69781,0.67875,0.66281
965097000,13.4775,13.855,13.869,61.072,61.567,62.062,12.1708,13.3342,15.0397,0.67875,0.66281,0.65
965097900,13.855,13.869,12.3031,61.567,62.062,62.6582,13.3342,15.0397,18.7332,0.66281,0.65,0.645
965098800,13.869,12.3031,11.1847,62.062,62.6582,63.187,15.0397,18.7332,22.0049,0.65,0.645,0.64
965099700,12.3031,11.1847,10.5136,62.6582,63.187,63.6482,18.7332,22.0049,24.8546,0.645,0.64,0.635
965100600,11.1847,10.5136,10.2899,63.187,63.6482,64.042,22.0049,24.8546,27.2825,0.64,0.635,0.63
965101500,10.5136,10.2899,11.5202,63.6482,64.042,63.9632,24.8546,27.2825,26.8632,0.635,0.63,0.6325
965102400,10.2899,11.5202,12.5268,64.042,63.9632,64.087,27.2825,26.8632,27.6389,0.63,0.6325,0.63
965103300,11.5202,12.5268,13.3098,63.9632,64.087,64.4132,26.8632,27.6389,29.6096,0.6325,0.63,0.6225
965104200,12.5268,13.3098,13.869,64.087,64.4132,64.942,27.6389,29.6096,32.7751,0.63,0.6225,0.61
965105100,13.3098,13.869,14.0787,64.4132,64.942,66.2807,29.6096,32.7751,39.6408,0.6225,0.61,0.5775
965106000,13.869,14.0787,14.1486,64.942,66.2807,67.417,32.7751,39.6408,46.0313,0.61,0.5775,0.55
965106900,14.0787,14.1486,14.0787,66.2807,67.417,68.3507,39.6408,46.0313,51.9466,0.5775,0.55,0.5275
965107800,14.1486,14.0787,13.869,67.417,68.3507,69.082,46.0313,51.9466,57.3867,0.55,0.5275,0.51
965108700,14.0787,13.869,12.8903,68.3507,69.082,69.2057,51.9466,57.3867,63.0939,0.5275,0.51,0.50781
965109600,13.869,12.8903,12.1913,69.082,69.2057,69.397,57.3867,63.0939,67.8312,0.51,0.50781,0.50375
965110500,12.8903,12.1913,11.7719,69.2057,69.397,69.6557,63.0939,67.8312,71.5984,0.50781,0.50375,0.49781
965111400,12.1913,11.7719,11.6321,69.397,69.6557,69.982,67.8312,71.5984,74.3955,0.50375,0.49781,0.49
965112300,11.7719,11.6321,12.2962,69.6557,69.982,70.6626,71.5984,74.3955,75.8012,0.49781,0.49,0.47094
965113200,11.6321,12.2962,12.8903,69.982,70.6626,71.2195,74.3955,75.8012,76.5178,0.49,0.47094,0.45625
965114100,12.2962,12.8903,13.4146,70.6626,71.2195,71.6526,75.8012,76.5178,76.5454,0.47094,0.45625,0.44594
965115000,12.8903,13.4146,13.869,71.2195,71.6526,71.962,76.5178,76.5454,75.884,0.45625,0.44594,0.44
965115900,13.4146,13.869,14.2535,71.6526,71.962,71.8607,76.5454,75.884,74.0268,0.44594,0.44,0.44781
965116800,13.869,14.2535,14.568,71.962,71.8607,71.827,75.884,74.0268,71.8184,0.44,0.44781,0.45375
965117700,14.2535,14.568,14.8127,71.8607,71.827,71.8607,74.0268,71.8184,69.2588,0.44781,0.45375,0.45781
965118600,14.568,14.8127,14.9875,71.827,71.8607,71.962,71.8184,69.2588,66.348,0.45375,0.45781,0.46
965119500,14.8127,14.9875,15.0923,71.8607,71.962,72.3332,69.2588,66.348,62.6686,0.45781,0.46,0.45656
965120400,14.9875,15.0923,15.1273,71.962,72.3332,72.637,66.348,62.6686,58.9163,0.46,0.45656,0.45375
965121300,15.0923,15.1273,15.0923,72.3332,72.637,72.8732,62.6686,58.9163,55.0909,0.45656,0.45375,0.45156
965122200,15.1273,15.0923,14.9875,72.637,72.8732,73.042,58.9163,55.0909,51.1926,0.45375,0.45156,0.45
965123100,15.0923,14.9875,14.603,72.8732,73.042,73.2276,55.0909,51.1926,47.0872,0.45156,0.45,0.44906
965124000,14.9875,14.603,14.2884,73.042,73.2276,73.2895,51.1926,47.0872,42.9983,0.45,0.44906,0.44875
965124900,14.603,14.2884,14.0438,73.2276,73.2895,73.2276,47.0872,42.9983,38.9258,0.44906,0.44875,0.44906
965125800,14.2884,14.0438,13.869,73.2895,73.2276,73.042,42.9983,38.9258,34.8697,0.44875,0.44906,0.45
965126700,14.0438,13.869,14.3094,73.2276,73.042,72.6482,38.9258,34.8697,30.6089,0.44906,0.45,0.44688
965127600,13.869,14.3094,14.4562,73.042,72.6482,72.187,34.8697,30.6089,26.5121,0.45,0.44688,0.4475
965128500,14.3094,14.4562,14.3094,72.6482,72.187,71.6582,30.6089,26.5121,22.5792,0.44688,0.4475,0.45188
965129400,14.4562,14.3094,13.869,72.187,71.6582,71.062,26.5121,22.5792,18.8104,0.4475,0.45188,0.46
965130300,14.3094,13.869,12.4639,71.6582,71.062,70.6682,22.5792,18.8104,14.6437,0.45188,0.46,0.46813
965131200,13.869,12.4639,11.2126,71.062,70.6682,70.027,18.8104,14.6437,11.0156,0.46,0.46813,0.4825
965132100,12.4639,11.2126,10.1151,70.6682,70.027,69.1382,14.6437,11.0156,7.92606,0.46813,0.4825,0.50313
965133000,11.2126,10.1151,9.17144,70.027,69.1382,68.002,11.0156,7.92606,5.37514,0.4825,0.50313,0.53
965133900,10.1151,9.17144,8.29764,69.1382,68.002,65.5889,7.92606,5.37514,3.77131,0.50313,0.53,0.58656
965134800,9.17144,8.29764,7.63355,68.002,65.5889,63.6145,5.37514,3.77131,2.43374,0.53,0.58656,0.63375
965135700,8.29764,7.63355,7.17917,65.5889,63.6145,62.0789,3.77131,2.43374,1.36245,0.58656,0.63375,0.67156
965136600,7.63355,7.17917,6.9345,63.6145,62.0789,60.982,2.43374,1.36245,0.55742,0.63375,0.67156,0.7
965137500,7.17917,6.9345,7.21412,62.0789,60.982,61.2689,1.36245,0.55742,0.36581,0.67156,0.7,0.69844
965138400,6.9345,7.21412,7.49374,60.982,61.2689,61.3645,0.55742,0.36581,0.20903,0.7,0.69844,0.70125
965139300,7.21412,7.49374,7.77335,61.2689,61.3645,61.2689,0.36581,0.20903,0.0871,0.69844,0.70125,0.70844
965140200,7.49374,7.77335,8.05297,61.3645,61.2689,60.982,0.20903,0.0871,0.0,0.70125,0.70844,0.72
965141100,7.77335,8.05297,8.75201,61.2689,60.982,59.8289,0.0871,0.0,0.0,0.70844,0.72,0.75375
965142000,8.05297,8.75201,9.17144,60.982,59.8289,58.9345,0.0,0.0,0.0,0.72,0.75375,0.78
965142900,8.75201,9.17144,9.31125,59.8289,58.9345,58.2989,0.0,0.0,0.0,0.75375,0.78,0.79875
965143800,9.17144,9.31125,9.17144,58.9345,58.2989,57.922,0.0,0.0,0.0,0.78,0.79875,0.81
965144700,9.31125,9.17144,7.91316,58.2989,57.922,58.5801,0.0,0.0,0.0,0.79875,0.81,0.795
965145600,9.17144,7.91316,6.9345,57.922,58.5801,58.9795,0.0,0.0,0.0,0.81,0.795,0.785
965146500,7.91316,6.9345,6.23546,58.5801,58.9795,59.1201,0.0,0.0,0.0,0.795,0.785,0.78
965147400,6.9345,6.23546,5.81603,58.9795,59.1201,59.002,0.0,0.0,0.0,0.785,0.78,0.78
965148300,6.23546,5.81603,6.30536,59.1201,59.002,57.8489,0.0,0.0,0.0,0.78,0.78,0.79906
965149200,5.81603,6.30536,6.65489,59.002,57.8489,56.9545,0.0,0.0,0.0,0.78,0.79906,0.81375
965150100,6.30536,6.65489,6.8646,57.8489,56.9545,56.3189,0.0,0.0,0.0,0.79906,0.81375,0.82406
965151000,6.65489,6.8646,6.9345,56.9545,56.3189,55.942,0.0,0.0,0.0,0.81375,0.82406,0.83
965151900,6.8646,6.9345,6.65489,56.3189,55.942,56.4989,0.0,0.0,0.0,0.82406,0.83,0.8175
965152800,6.9345,6.65489,6.37527,55.942,56.4989,56.8645,0.0,0.0,0.0,0.83,0.8175,0.81
965153700,6.65489,6.37527,6.09565,56.4989,56.8645,57.0389,0.0,0.0,0.0,0.8175,0.81,0.8075
965154600,6.37527,6.09565,5.81603,56.8645,57.0389,57.022,0.0,0.0,0.0,0.81,0.8075,0.81
965155500,6.09565,5.81603,5.3267,57.0389,57.022,56.527,0.0,0.0,0.0,0.8075,0.81,0.825
965156400,5.81603,5.3267,4.97718,57.022,56.527,56.032,0.0,0.0,0.0,0.81,0.825,0.84
965157300,5.3267,4.97718,4.76747,56.527,56.032,55.537,0.0,0.0,0.0,0.825,0.84,0.855
965158200,4.97718,4.76747,4.69757,56.032,55.537,55.042,0.0,0.0,0.0,0.84,0.855,0.87
965159100,4.76747,4.69757,5.1869,55.537,55.042,54.3614,0.0,0.0,0.0,0.855,0.87,0.89344
965160000,4.69757,5.1869,5.53642,55.042,54.3614,53.8045,0.0,0.0,0.0,0.87,0.89344,0.91125
965160900,5.1869,5.53642,5.74613,54.3614,53.8045,53.3714,0.0,0.0,0.0,0.89344,0.91125,0.92344
965161800,5.53642,5.74613,5.81603,53.8045,53.3714,53.062,0.0,0.0,0.0,0.91125,0.92344,0.93
965162700,5.74613,5.81603,5.22185,53.3714,53.062,52.9776,0.0,0.0,0.0,0.92344,0.93,0.92344
965163600,5.81603,5.22185,4.83737,53.062,52.9776,52.9495,0.0,0.0,0.0,0.93,0.92344,0.91625
965164500,5.22185,4.83737,4.66261,52.9776,52.9495,52.9776,0.0,0.0,0.0,0.92344,0.91625,0.90844
965165400,4.83737,4.66261,4.69757,52.9495,52.9776,53.062,0.0,0.0,0.0,0.91625,0.90844,0.9
965166300,4.66261,4.69757,5.36166,52.9776,53.062,53.3714,0.0,0.0,0.0,0.90844,0.9,0.88625
965167200,4.69757,5.36166,5.95584,53.062,53.3714,53.6245,0.0,0.0,0.0,0.9,0.88625,0.875
965168100,5.36166,5.95584,6.48012,53.3714,53.6245,53.8214,0.0,0.0,0.0,0.88625,0.875,0.86625
965169000,5.95584,6.48012,6.9345,53.6245,53.8214,53.962,0.0,0.0,0.0,0.875,0.86625,0.86
965169900,6.48012,6.9345,7.42383,53.8214,53.962,53.8607,0.0,0.0,0.36395,0.86625,0.86,0.86281
965170800,6.9345,7.42383,7.77335,53.962,53.8607,53.827,0.0,0.36395,0.90808,0.86,0.86281,0.86375
965171700,7.42383,7.77335,7.98307,53.8607,53.827,53.8607,0.36395,0.90808,1.6324,0.86281,0.86375,0.86281
965172600,7.77335,7.98307,8.05297,53.827,53.8607,53.962,0.90808,1.6324,2.53692,0.86375,0.86281,0.86
965173500,7.98307,8.05297,7.56364,53.8607,53.962,54.0632,1.6324,2.53692,3.43098,0.86281,0.86,0.85438
965174400,8.05297,7.56364,7.21412,53.962,54.0632,54.277,2.53692,3.43098,4.63232,0.86,0.85438,0.8475
965175300,7.56364,7.21412,7.00441,54.0632,54.277,54.6032,3.43098,4.63232,6.14095,0.85438,0.8475,0.83938
965176200,7.21412,7.00441,6.9345,54.277,54.6032,55.042,4.63232,6.14095,7.95685,0.8475,0.83938,0.83
965177100,7.00441,6.9345,6.98344,54.6032,55.042,55.9307,6.14095,7.95685,10.9385,0.83938,0.83,0.81844
965178000,6.9345,6.98344,7.18616,55.042,55.9307,56.707,7.95685,10.9385,13.6552,0.83,0.81844,0.80625
965178900,6.98344,7.18616,7.54267,55.9307,56.707,57.3707,10.9385,13.6552,16.1068,0.81844,0.80625,0.79344
965179800,7.18616,7.54267,8.05297,56.707,57.3707,57.922,13.6552,16.1068,18.2933,0.80625,0.79344,0.78
965180700,7.54267,8.05297,9.72368,57.3707,57.922,58.1076,16.1068,18.2933,19.0434,0.79344,0.78,0.76406
965181600,8.05297,9.72368,10.8771,57.922,58.1076,58.3495,18.2933,19.0434,20.3093,0.78,0.76406,0.74875
965182500,9.72368,10.8771,11.5132,58.1076,58.3495,58.6476,19.0434,20.3093,22.0911,0.76406,0.74875,0.73406
965183400,10.8771,11.5132,11.6321,58.3495,58.6476,59.002,20.3093,22.0911,24.3887,0.74875,0.73406,0.72
965184300,11.5132,11.6321,9.80757,58.6476,59.002,59.497,22.0911,24.3887,28.2166,0.73406,0.72,0.70469
965185200,11.6321,9.80757,8.41647,59.002,59.497,59.992,24.3887,28.2166,31.8839,0.72,0.70469,0.69125
965186100,9.80757,8.41647,7.45878,59.497,59.992,60.487,28.2166,31.8839,35.3909,0.70469,0.69125,0.67969
965187000,8.41647,7.45878,6.9345,59.992,60.487,60.982,31.8839,35.3909,38.7374,0.69125,0.67969,0.67
965187900,7.45878,6.9345,7.59859,60.487,60.982,61.3757,35.3909,38.7374,40.5728,0.67969,0.67,0.66875
965188800,6.9345,7.59859,8.19278,60.982,61.3757,61.837,38.7374,40.5728,43.1482,0.67,0.66875,0.665
965189700,7.59859,8.19278,8.71706,61.3757,61.837,62.3657,40.5728,43.1482,46.4635,0.66875,0.665,0.65875
965190600,8.19278,8.71706,9.17144,61.837,62.3657,62.962,43.1482,46.4635,50.5187,0.665,0.65875,0.65
965191500,8.71706,9.17144,9.76563,62.3657,62.962,63.9295,46.4635,50.5187,58.0606,0.65875,0.65,0.63125
965192400,9.17144,9.76563,10.1501,62.962,63.9295,64.762,50.5187,58.0606,64.5112,0.65,0.63125,0.615
965193300,9.76563,10.1501,10.3249,63.9295,64.762,65.4595,58.0606,64.5112,69.8706,0.63125,0.615,0.60125
965194200,10.1501,10.3249,10.2899,64.762,65.4595,66.022,64.5112,69.8706,74.1387,0.615,0.60125,0.59
965195100,10.3249,10.2899,9.4161,65.4595,66.022,66.0445,69.8706,74.1387,76.6218,0.60125,0.59,0.59063
965196000,10.2899,9.4161,8.75201,66.022,66.0445,66.202,74.1387,76.6218,78.4762,0.59,0.59063,0.5875
965196900,9.4161,8.75201,8.29764,66.0445,66.202,66.4945,76.6218,78.4762,79.7016,0.59063,0.5875,0.58063
965197800,8.75201,8.29764,8.05297,66.202,66.4945,66.922,78.4762,79.7016,80.2982,0.5875,0.58063,0.57
965198700,8.29764,8.05297,8.5423,66.4945,66.922,67.8726,79.7016,80.2982,80.5956,0.58063,0.57,0.55375
965199600,8.05297,8.5423,8.89182,66.922,67.8726,68.6995,80.2982,80.5956,80.0443,0.57,0.55375,0.535
965200500,8.5423,8.89182,9.10153,67.8726,68.6995,69.4026,80.5956,80.0443,78.6444,0.55375,0.535,0.51375
965201400,8.89182,9.10153,9.17144,68.6995,69.4026,69.982,80.0443,78.6444,76.3959,0.535,0.51375,0.49
965202300,9.10153,9.17144,8.45142,69.4026,69.982,70.1676,78.6444,76.3959,71.1542,0.51375,0.49,0.44781
965203200,9.17144,8.45142,8.02501,69.982,70.1676,70.4095,76.3959,71.1542,66.4935,0.49,0.44781,0.41375
965204100,8.45142,8.02501,7.89219,70.1676,70.4095,70.7076,71.1542,66.4935,62.4139,0.44781,0.41375,0.38781
965205000,8.02501,7.89219,8.05297,70.4095,70.7076,71.062,66.4935,62.4139,58.9152,0.41375,0.38781,0.37
965205900,7.89219,8.05297,10.0592,70.7076,71.062,71.7426,62.4139,58.9152,57.9879,0.38781,0.37,0.37156
965206800,8.05297,10.0592,11.3245,71.062,71.7426,72.2995,58.9152,57.9879,56.3146,0.37,0.37156,0.37375
965207700,10.0592,11.3245,11.8488,71.7426,72.2995,72.7326,57.9879,56.3146,53.8956,0.37156,0.37375,0.37656
965208600,11.3245,11.8488,11.6321,72.2995,72.7326,73.042,56.3146,53.8956,50.7306,0.37375,0.37656,0.38
965209500,11.8488,11.6321,8.34657,72.7326,73.042,73.2276,53.8956,50.7306,45.0923,0.37656,0.38,0.38688
965210400,11.6321,8.34657,5.87196,73.042,73.2276,73.2895,50.7306,45.0923,39.8598,0.38,0.38688,0.3925
965211300,8.34657,5.87196,4.20824,73.2276,73.2895,73.2276,45.0923,39.8598,35.0331,0.38688,0.3925,0.39688
965212200,5.87196,4.20824,3.3554,73.2895,73.2276,73.042,39.8598,35.0331,30.6123,0.3925,0.39688,0.4
965213100,4.20824,3.3554,5.07505,73.2276,73.042,72.7495,35.0331,30.6123,27.0454,0.39688,0.4,0.38594
965214000,3.3554,5.07505,6.43119,73.042,72.7495,72.322,30.6123,27.0454,23.5855,0.4,0.38594,0.38125
965214900,5.07505,6.43119,7.42383,72.7495,72.322,71.7595,27.0454,23.5855,20.2328,0.38594,0.38125,0.38594
965215800,6.43119,7.42383,8.05297,72.322,71.7595,71.062,23.5855,20.2328,16.9872,0.38125,0.38594,0.4
965216700,7.42383,8.05297,7.6685,71.7595,71.062,70.0101,20.2328,16.9872,13.3686,0.38594,0.4,0.45063
965217600,8.05297,7.6685,7.35393,71.062,70.0101,68.9695,16.9872,13.3686,10.1771,0.4,0.45063,0.4925
965218500,7.6685,7.35393,7.10926,70.0101,68.9695,67.9401,13.3686,10.1771,7.4129,0.45063,0.4925,0.52563
965219400,7.35393,7.10926,6.9345,68.9695,67.9401,66.922,10.1771,7.4129,5.07588,0.4925,0.52563,0.55
965220300,7.10926,6.9345,7.03936,67.9401,66.922,65.6451,7.4129,5.07588,3.33105,0.52563,0.55,0.54969
965221200,6.9345,7.03936,7.07431,66.922,65.6451,64.5595,5.07588,3.33105,1.90346,0.55,0.54969,0.55125
965222100,7.03936,7.07431,7.03936,65.6451,64.5595,63.6651,3.33105,1.90346,0.79311,0.54969,0.55125,0.55469
965223000,7.07431,7.03936,6.9345,64.5595,63.6651,62.962,1.90346,0.79311,0.0,0.55125,0.55469,0.56
965223900,7.03936,6.9345,6.44517,63.6651,62.962,62.5682,0.79311,0.0,0.0,0.55469,0.56,0.5775
965224800,6.9345,6.44517,6.09565,62.962,62.5682,62.287,0.0,0.0,0.0,0.56,0.5775,0.59
965225700,6.44517,6.09565,5.88594,62.5682,62.287,62.1182,0.0,0.0,0.0,0.5775,0.59,0.5975
965226600,6.09565,5.88594,5.81603,62.287,62.1182,62.062,0.0,0.0,0.0,0.59,0.5975,0.6
965227500,5.88594,5.81603,6.53605,62.1182,62.062,62.8439,0.0,0.0,0.0,0.5975,0.6,0.56563
965228400,5.81603,6.53605,6.96246,62.062,62.8439,63.2545,0.0,0.0,0.0,0.6,0.56563,0.5475
965229300,6.53605,6.96246,7.09528,62.8439,63.2545,63.2939,0.0,0.0,0.0,0.56563,0.5475,0.54563
965230200,6.96246,7.09528,6.9345,63.2545,63.2939,62.962,0.0,0.0,0.0,0.5475,0.54563,0.56
965231100,7.09528,6.9345,5.4735,63.2939,62.962,61.4151,0.0,0.0,0.0,0.54563,0.56,0.63375
965232000,6.9345,5.4735,4.38999,62.962,61.4151,60.0595,0.0,0.0,0.0,0.56,0.63375,0.695
965232900,5.4735,4.38999,3.68395,61.4151,60.0595,58.8951,0.0,0.0,0.0,0.63375,0.695,0.74375
965233800,4.38999,3.68395,3.3554,60.0595,58.8951,57.922,0.0,0.0,0.0,0.695,0.74375,0.78
965234700,3.68395,3.3554,4.3061,58.8951,57.922,57.2414,0.0,0.0,0.0,0.74375,0.78,0.78688
965235600,3.3554,4.3061,5.03311,57.922,57.2414,56.6845,0.0,0.0,0.0,0.78,0.78688,0.7925
965236500,4.3061,5.03311,5.53642,57.2414,56.6845,56.2514,0.0,0.0,0.0,0.78688,0.7925,0.79688
965237400,5.03311,5.53642,5.81603,56.6845,56.2514,55.942,0.0,0.0,0.0,0.7925,0.79688,0.8
965238300,5.53642,5.81603,5.87196,56.2514,55.942,56.1276,0.0,0.0,0.0,0.79688,0.8,0.79438
965239200,5.81603,5.87196,5.70419,55.942,56.1276,56.1895,0.0,0.0,0.0,0.8,0.79438,0.7925
965240100,5.87196,5.70419,5.31272,56.1276,56.1895,56.1276,0.0,0.0,0.0,0.79438,0.7925,0.79438
965241000,5.70419,5.31272,4.69757,56.1895,56.1276,55.942,0.0,0.0,0.0,0.7925,0.79438,0.8
965241900,5.31272,4.69757,2.76821,56.1276,55.942,55.2614,0.0,0.0,0.0,0.79438,0.8,0.82063
965242800,4.69757,2.76821,1.34216,55.942,55.2614,54.7045,0.0,0.0,0.0,0.8,0.82063,0.8375
965243700,2.76821,1.34216,0.41943,55.2614,54.7045,54.2714,0.0,0.0,0.0,0.82063,0.8375,0.85063
965244600,1.34216,0.41943,0.0,54.7045,54.2714,53.962,0.0,0.0,0.0,0.8375,0.85063,0.86
965245500,0.41943,0.0,0.92274,54.2714,53.962,53.8607,0.0,0.0,0.0,0.85063,0.86,0.86281
965246400,0.0,0.92274,1.78955,53.962,53.8607,53.827,0.0,0.0,0.0,0.86,0.86281,0.86375
965247300,0.92274,1.78955,2.60044,53.8607,53.827,53.8607,0.0,0.0,0.0,0.86281,0.86375,0.86281
965248200,1.78955,2.60044,3.3554,53.827,53.8607,53.962,0.0,0.0,0.0,0.86375,0.86281,0.86
965249100,2.60044,3.3554,4.20125,53.8607,53.962,54.6201,0.0,0.0,0.0,0.86281,0.86,0.84688
965250000,3.3554,4.20125,4.8933,53.962,54.6201,55.0195,0.0,0.0,0.0,0.86,0.84688,0.8375
965250900,4.20125,4.8933,5.43156,54.6201,55.0195,55.1601,0.0,0.0,0.0,0.84688,0.8375,0.83188
965251800,4.8933,5.43156,5.81603,55.0195,55.1601,55.042,0.0,0.0,0.0,0.8375,0.83188,0.83
965252700,5.43156,5.81603,5.60632,55.1601,55.042,53.8045,0.0,0.0,0.0,0.83188,0.83,0.84313
965253600,5.81603,5.60632,5.53642,55.042,53.8045,52.882,0.0,0.0,0.0,0.83,0.84313,0.8525
965254500,5.60632,5.53642,5.60632,53.8045,52.882,52.2745,0.0,0.0,0.0,0.84313,0.8525,0.85813
965255400,5.53642,5.60632,5.81603,52.882,52.2745,51.982,0.0,0.0,0.0,0.8525,0.85813,0.86
965256300,5.60632,5.81603,6.79469,52.2745,51.982,52.477,0.0,0.0,0.05413,0.85813,0.86,0.8525
965257200,5.81603,6.79469,7.49374,51.982,52.477,52.972,0.0,0.05413,0.63589,0.86,0.8525,0.845
965258100,6.79469,7.49374,7.91316,52.477,52.972,53.467,0.05413,0.63589,1.74527,0.8525,0.845,0.8375
965259000,7.49374,7.91316,8.05297,52.972,53.467,53.962,0.63589,1.74527,3.38228,0.845,0.8375,0.83
965259900,7.91316,8.05297,7.28402,53.467,53.962,54.1701,1.74527,3.38228,5.52907,0.8375,0.83,0.83188
965260800,8.05297,7.28402,6.65489,53.962,54.1701,54.5695,3.38228,5.52907,8.21538,0.83,0.83188,0.8275
965261700,7.28402,6.65489,6.16556,54.1701,54.5695,55.1601,5.52907,8.21538,11.4412,0.83188,0.8275,0.81688
965262600,6.65489,6.16556,5.81603,54.5695,55.1601,55.942,8.21538,11.4412,15.2065,0.8275,0.81688,0.8
965263500,6.16556,5.81603,5.92089,55.1601,55.942,57.3876,11.4412,15.2065,20.7808,0.81688,0.8,0.75719
965264400,5.81603,5.92089,5.95584,55.942,57.3876,58.7095,15.2065,20.7808,26.0483,0.8,0.75719,0.72125
965265300,5.92089,5.95584,5.92089,57.3876,58.7095,59.9076,20.7808,26.0483,31.009,0.75719,0.72125,0.69219
965266200,5.95584,5.92089,5.81603,58.7095,59.9076,60.982,26.0483,31.009,35.663,0.72125,0.69219,0.67
965267100,5.92089,5.81603,5.11699,59.9076,60.982,61.8482,31.009,35.663,39.8171,0.69219,0.67,0.66875
965268000,5.81603,5.11699,4.69757,60.982,61.8482,62.647,35.663,39.8171,43.7932,0.67,0.66875,0.665
965268900,5.11699,4.69757,4.55776,61.8482,62.647,63.3782,39.8171,43.7932,47.591,0.66875,0.665,0.65875
965269800,4.69757,4.55776,4.69757,62.647,63.3782,64.042,43.7932,47.591,51.2106,0.665,0.65875,0.65
965270700,4.55776,4.69757,5.95584,63.3782,64.042,64.537,47.591,51.2106,54.8416,0.65875,0.65,0.63313
965271600,4.69757,5.95584,6.9345,64.042,64.537,65.032,51.2106,54.8416,58.168,0.65,0.63313,0.6175
965272500,5.95584,6.9345,7.63355,64.537,65.032,65.527,54.8416,58.168,61.1899,0.63313,0.6175,0.60313
965273400,6.9345,7.63355,8.05297,65.032,65.527,66.022,58.168,61.1899,63.9074,0.6175,0.60313,0.59
965274300,7.63355,8.05297,7.45878,65.527,66.022,66.6014,61.1899,63.9074,66.1616,0.60313,0.59,0.58188
965275200,8.05297,7.45878,7.07431,66.022,66.6014,67.1245,63.9074,66.1616,68.2172,0.59,0.58188,0.5725
965276100,7.45878,7.07431,6.89955,66.6014,67.1245,67.5914,66.1616,68.2172,70.0742,0.58188,0.5725,0.56188
965277000,7.07431,6.89955,6.9345,67.1245,67.5914,68.002,68.2172,70.0742,71.7326,0.5725,0.56188,0.55
965277900,6.89955,6.9345,7.59859,67.5914,68.002,68.1876,70.0742,71.7326,73.0883,0.56188,0.55,0.53219
965278800,6.9345,7.59859,8.19278,68.002,68.1876,68.4295,71.7326,73.0883,74.3148,0.55,0.53219,0.51625
965279700,7.59859,8.19278,8.71706,68.1876,68.4295,68.7276,73.0883,74.3148,75.4121,0.53219,0.51625,0.50219
965280600,8.19278,8.71706,9.17144,68.4295,68.7276,69.082,74.3148,75.4121,76.3801,0.51625,0.50219,0.49
965281500,8.71706,9.17144,9.43008,68.7276,69.082,69.577,75.4121,76.3801,77.7144,0.50219,0.49,0.48813
965282400,9.17144,9.43008,9.70271,69.082,69.577,70.072,76.3801,77.7144,78.5891,0.49,0.48813,0.4825
965283300,9.43008,9.70271,9.98932,69.577,70.072,70.567,77.7144,78.5891,79.0044,0.48813,0.4825,0.47313
965284200,9.70271,9.98932,10.2899,70.072,70.567,71.062,78.5891,79.0044,78.9602,0.4825,0.47313,0.46
965285100,9.98932,10.2899,10.7513,70.567,71.062,71.6582,79.0044,78.9602,78.2114,0.47313,0.46,0.43188
965286000,10.2899,10.7513,11.1288,71.062,71.6582,72.187,78.9602,78.2114,77.1666,0.46,0.43188,0.4075
965286900,10.7513,11.1288,11.4224,71.6582,72.187,72.6482,78.2114,77.1666,75.8257,0.43188,0.4075,0.38688
965287800,11.1288,11.4224,11.6321,72.187,72.6482,73.042,77.1666,75.8257,74.1889,0.4075,0.38688,0.37
965288700,11.4224,11.6321,11.8628,72.6482,73.042,73.3514,75.8257,74.1889,72.2263,0.38688,0.37,0.36063
965289600,11.6321,11.8628,11.9396,73.042,73.3514,73.6045,74.1889,72.2263,69.9875,0.37,0.36063,0.3525
965290500,11.8628,11.9396,11.8628,73.3514,73.6045,73.8014,72.2263,69.9875,67.4725,0.36063,0.3525,0.34563
965291400,11.9396,11.8628,11.6321,73.6045,73.8014,73.942,69.9875,67.4725,64.6813,0.3525,0.34563,0.34
965292300,11.8628,11.6321,10.7862,73.8014,73.942,73.8407,67.4725,64.6813,61.3606,0.34563,0.34,0.33563
965293200,11.6321,10.7862,10.0942,73.942,73.8407,73.807,64.6813,61.3606,57.9326,0.34,0.33563,0.3325
965294100,10.7862,10.0942,9.55591,73.8407,73.807,73.8407,61.3606,57.9326,54.3974,0.33563,0.3325,0.33063
965295000,10.0942,9.55591,9.17144,73.807,73.8407,73.942,57.9326,54.3974,50.7549,0.3325,0.33063,0.33
965295900,9.55591,9.17144,9.06658,73.8407,73.942,74.4145,54.3974,50.7549,46.9371,0.33063,0.33,0.32781
965296800,9.17144,9.06658,9.03163,73.942,74.4145,74.752,50.7549,46.9371,43.0575,0.33,0.32781,0.32875
965297700,9.06658,9.03163,9.06658,74.4145,74.752,74.9545,46.9371,43.0575,39.116,0.32781,0.32875,0.33281
965298600,9.03163,9.06658,9.17144,74.752,74.9545,75.022,43.0575,39.116,35.1127,0.32875,0.33281,0.34
965299500,9.06658,9.17144,9.55591,74.9545,75.022,74.9207,39.116,35.1127,30.5759,0.33281,0.34,0.35969
965300400,9.17144,9.55591,9.87048,75.022,74.9207,74.707,35.1127,30.5759,26.2916,0.34,0.35969,0.37625
965301300,9.55591,9.87048,10.1151,74.9207,74.707,74.3807,30.5759,26.2916,22.2599,0.35969,0.37625,0.38969
965302200,9.87048,10.1151,10.2899,74.707,74.3807,73.942,26.2916,22.2599,18.4808,0.37625,0.38969,0.4
965303100,10.1151,10.2899,10.4996,74.3807,73.942,73.5257,22.2599,18.4808,14.6265,0.38969,0.4,0.39125
965304000,10.2899,10.4996,10.5695,73.942,73.5257,72.907,18.4808,14.6265,11.2432,0.4,0.39125,0.39
965304900,10.4996,10.5695,10.4996,73.5257,72.907,72.0857,14.6265,11.2432,8.33098,0.39125,0.39,0.39625
965305800,10.5695,10.4996,10.2899,72.907,72.0857,71.062,11.2432,8.33098,5.88986,0.39,0.39625,0.41
965306700,10.4996,10.2899,9.08056,72.0857,71.062,69.1439,8.33098,5.88986,4.23103,0.39625,0.41,0.45469
965307600,10.2899,9.08056,8.30463,71.062,69.1439,67.4845,5.88986,4.23103,2.83579,0.41,0.45469,0.49125
965308500,9.08056,8.30463,7.9621,69.1439,67.4845,66.0839,4.23103,2.83579,1.70416,0.45469,0.49125,0.51969
965309400,8.30463,7.9621,8.05297,67.4845,66.0839,64.942,2.83579,1.70416,0.83613,0.49125,0.51969,0.54
965310300,7.9621,8.05297,9.77262,66.0839,64.942,64.447,1.70416,0.83613,0.54871,0.51969,0.54,0.53438
965311200,8.05297,9.77262,11.1288,64.942,64.447,63.952,0.83613,0.54871,0.31355,0.54,0.53438,0.5325
965312100,9.77262,11.1288,12.1214,64.447,63.952,63.457,0.54871,0.31355,0.13065,0.53438,0.5325,0.53438
965313000,11.1288,12.1214,12.7505,63.952,63.457,62.962,0.31355,0.13065,0.0,0.5325,0.53438,0.54
965313900,12.1214,12.7505,12.4919,63.457,62.962,62.1801,0.13065,0.0,0.0,0.53438,0.54,0.56063
965314800,12.7505,12.4919,12.2193,62.962,62.1801,61.5895,0.0,0.0,0.0,0.54,0.56063,0.5775
965315700,12.4919,12.2193,11.9327,62.1801,61.5895,61.1901,0.0,0.0,0.0,0.56063,0.5775,0.59063
965316600,12.2193,11.9327,11.6321,61.5895,61.1901,60.982,0.0,0.0,0.0,0.5775,0.59063,0.6
965317500,11.9327,11.6321,11.0449,61.1901,60.982,61.4545,0.0,0.0,0.0,0.59063,0.6,0.59719
965318400,11.6321,11.0449,10.6254,60.982,61.4545,61.792,0.0,0.0,0.0,0.6,0.59719,0.59625
965319300,11.0449,10.6254,10.3738,61.4545,61.792,61.9945,0.0,0.0,0.0,0.59719,0.59625,0.59719
965320200,10.6254,10.3738,10.2899,61.792,61.9945,62.062,0.0,0.0,0.0,0.59625,0.59719,0.6
965321100,10.3738,10.2899,10.982,61.9945,62.062,61.7751,0.0,0.0,0.0,0.59719,0.6,0.60844
965322000,10.2899,10.982,11.4363,62.062,61.7751,61.4995,0.0,0.0,0.0,0.6,0.60844,0.61625
965322900,10.982,11.4363,11.653,61.7751,61.4995,61.2351,0.0,0.0,0.0,0.60844,0.61625,0.62344
965323800,11.4363,11.653,11.6321,61.4995,61.2351,60.982,0.0,0.0,0.0,0.61625,0.62344,0.63
965324700,11.653,11.6321,10.7862,61.2351,60.982,60.6726,0.0,0.0,0.0,0.62344,0.63,0.63688
965325600,11.6321,10.7862,10.0942,60.982,60.6726,60.4195,0.0,0.0,0.0,0.63,0.63688,0.6425
965326500,10.7862,10.0942,9.55591,60.6726,60.4195,60.2226,0.0,0.0,0.0,0.63688,0.6425,0.64688
965327400,10.0942,9.55591,9.17144,60.4195,60.2226,60.082,0.0,0.0,0.0,0.6425,0.64688,0.65
965328300,9.55591,9.17144,9.48601,60.2226,60.082,60.2845,0.0,0.0,0.0,0.64688,0.65,0.64344
965329200,9.17144,9.48601,9.59086,60.082,60.2845,60.352,0.0,0.0,0.0,0.65,0.64344,0.64125
965330100,9.48601,9.59086,9.48601,60.2845,60.352,60.2845,0.0,0.0,0.0,0.64344,0.64125,0.64344
965331000,9.59086,9.48601,9.17144,60.352,60.2845,60.082,0.0,0.0,0.0,0.64125,0.64344,0.65
965331900,9.48601,9.17144,8.01802,60.2845,60.082,59.4239,0.0,0.0,0.0,0.64344,0.65,0.66844
965332800,9.17144,8.01802,7.07431,60.082,59.4239,58.8445,0.0,0.0,0.0,0.65,0.66844,0.68625
965333700,8.01802,7.07431,6.34032,59.4239,58.8445,58.3439,0.0,0.0,0.0,0.66844,0.68625,0.70344
965334600,7.07431,6.34032,5.81603,58.8445,58.3439,57.922,0.0,0.0,0.0,0.68625,0.70344,0.72
965335500,6.34032,5.81603,5.92089,58.3439,57.922,57.6126,0.0,0.0,0.0,0.70344,0.72,0.74063
965336400,5.81603,5.92089,5.95584,57.922,57.6126,57.3595,0.0,0.0,0.0,0.72,0.74063,0.7575
965337300,5.92089,5.95584,5.92089,57.6126,57.3595,57.1626,0.0,0.0,0.0,0.74063,0.7575,0.77063
965338200,5.95584,5.92089,5.81603,57.3595,57.1626,57.022,0.0,0.0,0.0,0.7575,0.77063,0.78
965339100,5.92089,5.81603,5.3267,57.1626,57.022,56.9376,0.0,0.0,0.0,0.77063,0.78,0.78
965340000,5.81603,5.3267,4.97718,57.022,56.9376,56.9095,0.0,0.0,0.0,0.78,0.78,0.78
965340900,5.3267,4.97718,4.76747,56.9376,56.9095,56.9376,0.0,0.0,0.0,0.78,0.78,0.78
965341800,4.97718,4.76747,4.69757,56.9095,56.9376,57.022,0.0,0.0,0.0,0.78,0.78,0.78
965342700,4.76747,4.69757,5.1869,56.9376,57.022,57.2301,0.0,0.0,0.0,0.78,0.78,0.78
965343600,4.69757,5.1869,5.53642,57.022,57.2301,57.4495,0.0,0.0,0.0,0.78,0.78,0.78
965344500,5.1869,5.53642,5.74613,57.2301,57.4495,57.6801,0.0,0.0,0.57065,0.78,0.78,0.78
965345400,5.53642,5.74613,5.81603,57.4495,57.6801,57.922,0.0,0.57065,1.99659,0.78,0.78,0.78
965346300,5.74613,5.81603,5.11699,57.6801,57.922,58.1076,0.57065,1.99659,5.31953,0.78,0.78,0.78563
965347200,5.81603,5.11699,4.69757,57.922,58.1076,58.3495,1.99659,5.31953,8.40758,0.78,0.78563,0.7875
965348100,5.11699,4.69757,4.55776,58.1076,58.3495,58.6476,5.31953,8.40758,11.2607,0.78563,0.7875,0.78563
965349000,4.69757,4.55776,4.69757,58.3495,58.6476,59.002,8.40758,11.2607,13.879,0.7875,0.78563,0.78
965349900,4.55776,4.69757,5.95584,58.6476,59.002,59.3957,11.2607,13.879,15.548,0.78563,0.78,0.76594
965350800,4.69757,5.95584,6.9345,59.002,59.3957,59.857,13.879,15.548,17.4584,0.78,0.76594,0.75125
965351700,5.95584,6.9345,7.63355,59.3957,59.857,60.3857,15.548,17.4584,19.6101,0.76594,0.75125,0.73594
965352600,6.9345,7.63355,8.05297,59.857,60.3857,60.982,17.4584,19.6101,22.0031,0.75125,0.73594,0.72
965353500,7.63355,8.05297,7.6685,60.3857,60.982,61.9495,19.6101,22.0031,26.7842,0.73594,0.72,0.69781
965354400,8.05297,7.6685,7.35393,60.982,61.9495,62.782,22.0031,26.7842,30.3754,0.72,0.69781,0.67875
965355300,7.6685,7.35393,7.10926,61.9495,62.782,63.4795,26.7842,30.3754,32.7768,0.69781,0.67875,0.66281
965356200,7.35393,7.10926,6.9345,62.782,63.4795,64.042,30.3754,32.7768,33.9882,0.67875,0.66281,0.65
965357100,7.10926,6.9345,6.9345,63.4795,64.042,64.1657,32.7768,33.9882,30.2239,0.66281,0.65,0.645
965358000,6.9345,6.9345,6.9345,64.042,64.1657,64.357,33.9882,30.2239,27.7936,0.65,0.645,0.64
965358900,6.9345,6.9345,6.9345,64.1657,64.357,64.6157,30.2239,27.7936,26.6974,0.645,0.64,0.635
965359800,6.9345,6.9345,6.9345,64.357,64.6157,64.942,27.7936,26.6974,26.9353,0.64,0.635,0.63
965360700,6.9345,6.9345,6.82965,64.6157,64.942,65.2345,26.6974,26.9353,28.8791,0.635,0.63,0.63063
965361600,6.9345,6.82965,6.79469,64.942,65.2345,65.662,26.9353,28.8791,31.9091,0.63,0.63063,0.6275
965362500,6.82965,6.79469,6.82965,65.2345,65.662,66.2245,28.8791,31.9091,36.0252,0.63063,0.6275,0.62063
965363400,6.79469,6.82965,6.9345,65.662,66.2245,66.922,31.9091,36.0252,41.2276,0.6275,0.62063,0.61
965364300,6.82965,6.9345,7.52869,66.2245,66.922,68.0751,36.0252,41.2276,52.0902,0.62063,0.61,0.59
965365200,6.9345,7.52869,7.91316,66.922,68.0751,69.1495,41.2276,52.0902,60.9896,0.61,0.59,0.57
965366100,7.52869,7.91316,8.08792,68.0751,69.1495,70.1451,52.0902,60.9896,67.9258,0.59,0.57,0.55
965367000,7.91316,8.08792,8.05297,69.1495,70.1451,71.062,60.9896,67.9258,72.8987,0.57,0.55,0.53
965367900,8.08792,8.05297,6.73877,70.1451,71.062,72.322,67.9258,72.8987,76.3675,0.55,0.53,0.49688
965368800,8.05297,6.73877,5.92788,71.062,72.322,73.222,72.8987,76.3675,77.567,0.53,0.49688,0.4725
965369700,6.73877,5.92788,5.6203,72.322,73.222,73.762,76.3675,77.567,76.4972,0.49688,0.4725,0.45688
965370600,5.92788,5.6203,5.81603,73.222,73.762,73.942,77.567,76.4972,73.1581,0.4725,0.45688,0.45
965371500,5.6203,5.81603,7.94112,73.762,73.942,73.0532,76.4972,73.1581,60.5939,0.45688,0.45,0.46875
965372400,5.81603,7.94112,9.61883,73.942,73.0532,72.277,73.1581,60.5939,50.3976,0.45,0.46875,0.485
965373300,7.94112,9.61883,10.8491,73.0532,72.277,71.6132,60.5939,50.3976,42.5691,0.46875,0.485,0.49875
965374200,9.61883,10.8491,11.6321,72.277,71.6132,71.062,50.3976,42.5691,37.1086,0.485,0.49875,0.51
965375100,10.8491,11.6321,11.0449,71.6132,71.062,70.5051,42.5691,37.1086,38.5738,0.49875,0.51,0.52344
965376000,11.6321,11.0449,10.6254,71.062,70.5051,70.1395,37.1086,38.5738,39.3683,0.51,0.52344,0.53125
965376900,11.0449,10.6254,10.3738,70.5051,70.1395,69.9651,38.5738,39.3683,39.4922,0.52344,0.53125,0.53344
965377800,10.6254,10.3738,10.2899,70.1395,69.9651,69.982,39.3683,39.4922,38.9453,0.53125,0.53344,0.53
965378700,10.3738,10.2899,10.6464,69.9651,69.982,70.8482,39.4922,38.9453,36.7557,0.53344,0.53,0.49938
965379600,10.2899,10.6464,10.9889,69.982,70.8482,71.467,38.9453,36.7557,34.5434,0.53,0.49938,0.4775
965380500,10.6464,10.9889,11.3175,70.8482,71.467,71.8382,36.7557,34.5434,32.3085,0.49938,0.4775,0.46438
965381400,10.9889,11.3175,11.6321,71.467,71.8382,71.962,34.5434,32.3085,30.051,0.4775,0.46438,0.46
965382300,11.3175,11.6321,12.3521,71.8382,71.962,71.0957,32.3085,30.051,27.4364,0.46438,0.46,0.48406
965383200,11.6321,12.3521,12.7785,71.962,71.0957,70.477,30.051,27.4364,25.0221,0.46,0.48406,0.50375
965384100,12.3521,12.7785,12.9113,71.0957,70.477,70.1057,27.4364,25.0221,22.808,0.48406,0.50375,0.51906
965385000,12.7785,12.9113,12.7505,70.477,70.1057,69.982,25.0221,22.808,20.7941,0.50375,0.51906,0.53
965385900,12.9113,12.7505,11.5202,70.1057,69.982,70.747,22.808,20.7941,19.534,0.51906,0.53,0.53
965386800,12.7505,11.5202,10.5136,69.982,70.747,71.332,20.7941,19.534,18.105,0.53,0.53,0.53
965387700,11.5202,10.5136,9.73067,70.747,71.332,71.737,19.534,18.105,16.5073,0.53,0.53,0.53
965388600,10.5136,9.73067,9.17144,71.332,71.737,71.962,18.105,16.5073,14.7408,0.53,0.53,0.53
965389500,9.73067,9.17144,9.17144,71.737,71.962,72.0407,16.5073,14.7408,12.2493,0.53,0.53,0.52813
965390400,9.17144,9.17144,9.17144,71.962,72.0407,71.917,14.7408,12.2493,9.95983,0.53,0.52813,0.5275
965391300,9.17144,9.17144,9.17144,72.0407,71.917,71.5907,12.2493,9.95983,7.87232,0.52813,0.5275,0.52813
965392200,9.17144,9.17144,9.17144,71.917,71.5907,71.062,9.95983,7.87232,5.9868,0.5275,0.52813,0.53
965393100,9.17144,9.17144,8.94075,71.5907,71.062,69.9089,7.87232,5.9868,4.13206,0.52813,0.53,0.5275
965394000,9.17144,8.94075,8.86386,71.062,69.9089,68.8345,5.9868,4.13206,2.59344,0.53,0.5275,0.53
965394900,8.94075,8.86386,8.94075,69.9089,68.8345,67.8389,4.13206,2.59344,1.37092,0.5275,0.53,0.5375
965395800,8.86386,8.94075,9.17144,68.8345,67.8389,66.922,2.59344,1.37092,0.46452,0.53,0.5375,0.55
965396700,8.94075,9.17144,10.1431,67.8389,66.922,65.932,1.37092,0.46452,0.30484,0.5375,0.55,0.57969
965397600,9.17144,10.1431,10.8771,66.922,65.932,65.122,0.46452,0.30484,0.17419,0.55,0.57969,0.60625
965398500,10.1431,10.8771,11.3734,65.932,65.122,64.492,0.30484,0.17419,0.07258,0.57969,0.60625,0.62969
965399400,10.8771,11.3734,11.6321,65.122,64.492,64.042,0.17419,0.07258,0.0,0.60625,0.62969,0.65
965400300,11.3734,11.6321,11.0449,64.492,64.042,64.2276,0.07258,0.0,0.0,0.62969,0.65,0.65969
965401200,11.6321,11.0449,10.6254,64.042,64.2276,64.2895,0.0,0.0,0.0,0.65,0.65969,0.67125
965402100,11.0449,10.6254,10.3738,64.2276,64.2895,64.2276,0.0,0.0,0.0,0.65969,0.67125,0.68469
965403000,10.6254,10.3738,10.2899,64.2895,64.2276,64.042,0.0,0.0,0.0,0.67125,0.68469,0.7
965403900,10.3738,10.2899,10.8771,64.2276,64.042,63.3614,0.0,0.0,0.0,0.68469,0.7,0.7275
965404800,10.2899,10.8771,11.2965,64.042,63.3614,62.8045,0.0,0.0,0.0,0.7,0.7275,0.75
965405700,10.8771,11.2965,11.5482,63.3614,62.8045,62.3714,0.0,0.0,0.0,0.7275,0.75,0.7675
965406600,11.2965,11.5482,11.6321,62.8045,62.3714,62.062,0.0,0.0,0.0,0.75,0.7675,0.78
965407500,11.5482,11.6321,11.5901,62.3714,62.062,62.1632,0.0,0.0,0.0,0.7675,0.78,0.77719
965408400,11.6321,11.5901,11.3525,62.062,62.1632,62.197,0.0,0.0,0.0,0.78,0.77719,0.77625
965409300,11.5901,11.3525,10.919,62.1632,62.197,62.1632,0.0,0.0,0.0,0.77719,0.77625,0.77719
965410200,11.3525,10.919,10.2899,62.197,62.1632,62.062,0.0,0.0,0.0,0.77625,0.77719,0.78
965411100,10.919,10.2899,8.64716,62.1632,62.062,61.8764,0.0,0.0,0.0,0.77719,0.78,0.78469
965412000,10.2899,8.64716,7.35393,62.062,61.8764,61.6345,0.0,0.0,0.0,0.78,0.78469,0.79125
965412900,8.64716,7.35393,6.41022,61.8764,61.6345,61.3364,0.0,0.0,0.0,0.78469,0.79125,0.79969
965413800,7.35393,6.41022,5.81603,61.6345,61.3364,60.982,0.0,0.0,0.0,0.79125,0.79969,0.81
965414700,6.41022,5.81603,6.41022,61.3364,60.982,60.4026,0.0,0.0,0.0,0.79969,0.81,0.82781
965415600,5.81603,6.41022,6.79469,60.982,60.4026,59.8795,0.0,0.0,0.0,0.81,0.82781,0.84375
965416500,6.41022,6.79469,6.96945,60.4026,59.8795,59.4126,0.0,0.0,0.0,0.82781,0.84375,0.85781
965417400,6.79469,6.96945,6.9345,59.8795,59.4126,59.002,0.0,0.0,0.0,0.84375,0.85781,0.87
965418300,6.96945,6.9345,6.0607,59.4126,59.002,58.5295,0.0,0.0,0.0,0.85781,0.87,0.88313
965419200,6.9345,6.0607,5.39661,59.002,58.5295,58.192,0.0,0.0,0.0,0.87,0.88313,0.8925
965420100,6.0607,5.39661,4.94223,58.5295,58.192,57.9895,0.0,0.0,0.0,0.88313,0.8925,0.89813
965421000,5.39661,4.94223,4.69757,58.192,57.9895,57.922,0.0,0.0,0.0,0.8925,0.89813,0.9
965421900,4.94223,4.69757,5.08204,57.9895,57.922,58.2932,0.0,0.0,0.0,0.89813,0.9,0.88969
965422800,4.69757,5.08204,5.39661,57.922,58.2932,58.597,0.0,0.0,0.0,0.9,0.88969,0.88125
965423700,5.08204,5.39661,5.64127,58.2932,58.597,58.8332,0.0,0.0,0.0,0.88969,0.88125,0.87469
965424600,5.39661,5.64127,5.81603,58.597,58.8332,59.002,0.0,0.0,0.0,0.88125,0.87469,0.87
965425500,5.64127,5.81603,5.81603,58.8332,59.002,59.1032,0.0,0.0,0.0,0.87469,0.87,0.87
965426400,5.81603,5.81603,5.81603,59.002,59.1032,59.137,0.0,0.0,0.0,0.87,0.87,0.87
965427300,5.81603,5.81603,5.81603,59.1032,59.137,59.1032,0.0,0.0,0.0,0.87,0.87,0.87
965428200,5.81603,5.81603,5.81603,59.137,59.1032,59.002,0.0,0.0,0.0,0.87,0.87,0.87
965429100,5.81603,5.81603,5.60632,59.1032,59.002,58.3439,0.0,0.0,0.0,0.87,0.87,0.87563
965430000,5.81603,5.60632,5.53642,59.002,58.3439,57.9445,0.0,0.0,0.0,0.87,0.87563,0.8775
965430900,5.60632,5.53642,5.60632,58.3439,57.9445,57.8039,0.0,0.0,1.07462,0.87563,0.8775,0.87563
965431800,5.53642,5.60632,5.81603,57.9445,57.8039,57.922,0.0,1.07462,2.92053,0.8775,0.87563,0.87
965432700,5.60632,5.81603,6.58498,57.8039,57.922,58.8726,1.07462,2.92053,8.03708,0.87563,0.87,0.85219
965433600,5.81603,6.58498,7.21412,57.922,58.8726,59.6995,2.92053,8.03708,12.213,0.87,0.85219,0.83625
965434500,6.58498,7.21412,7.70345,58.8726,59.6995,60.4026,8.03708,12.213,15.4482,0.85219,0.83625,0.82219
965435400,7.21412,7.70345,8.05297,59.6995,60.4026,60.982,12.213,15.4482,17.7428,0.83625,0.82219,0.81
965436300,7.70345,8.05297,8.05297,60.4026,60.982,60.8976,15.4482,17.7428,14.2965,0.82219,0.81,0.81375
965437200,8.05297,8.05297,8.05297,60.982,60.8976,61.0495,17.7428,14.2965,13.1096,0.81,0.81375,0.81
965438100,8.05297,8.05297,8.05297,60.8976,61.0495,61.4376,14.2965,13.1096,14.1823,0.81375,0.81,0.79875
965439000,8.05297,8.05297,8.05297,61.0495,61.4376,62.062,13.1096,14.1823,17.5144,0.81,0.79875,0.78
965439900,8.05297,8.05297,7.84326,61.4376,62.062,63.4457,14.1823,17.5144,29.0971,0.79875,0.78,0.73594
965440800,8.05297,7.84326,7.77335,62.062,63.4457,64.717,17.5144,29.0971,38.9452,0.78,0.73594,0.69625
965441700,7.84326,7.77335,7.84326,63.4457,64.717,65.8757,29.0971,38.9452,47.0587,0.73594,0.69625,0.66094
965442600,7.77335,7.84326,8.05297,64.717,65.8757,66.922,38.9452,47.0587,53.4376,0.69625,0.66094,0.63
965443500,7.84326,8.05297,8.69609,65.8757,66.922,67.8726,47.0587,53.4376,55.5639,0.66094,0.63,0.6025
965444400,8.05297,8.69609,9.28329,66.922,67.8726,68.6995,53.4376,55.5639,57.6343,0.63,0.6025,0.58
965445300,8.69609,9.28329,9.81456,67.8726,68.6995,69.4026,55.5639,57.6343,59.6489,0.6025,0.58,0.5625
965446200,9.28329,9.81456,10.2899,68.6995,69.4026,69.982,57.6343,59.6489,61.6078,0.58,0.5625,0.55
965447100,9.81456,10.2899,10.6464,69.4026,69.982,70.1676,59.6489,61.6078,64.293,0.5625,0.55,0.55938
965448000,10.2899,10.6464,10.9889,69.982,70.1676,70.4095,61.6078,64.293,66.4009,0.55,0.55938,0.5625
965448900,10.6464,10.9889,11.3175,70.1676,70.4095,70.7076,64.293,66.4009,67.9317,0.55938,0.5625,0.55938
965449800,10.9889,11.3175,11.6321,70.4095,70.7076,71.062,66.4009,67.9317,68.8852,0.5625,0.55938,0.55
965450700,11.3175,11.6321,12.1214,70.7076,71.062,71.557,67.9317,68.8852,68.4006,0.55938,0.55,0.5175
965451600,11.6321,12.1214,12.4709,71.062,71.557,72.052,68.8852,68.4006,67.9126,0.55,0.5175,0.49
965452500,12.1214,12.4709,12.6806,71.557,72.052,72.547,68.4006,67.9126,67.4214,0.5175,0.49,0.4675
965453400,12.4709,12.6806,12.7505,72.052,72.547,73.042,67.9126,67.4214,66.9268,0.49,0.4675,0.45
965454300,12.6806,12.7505,12.4919,72.547,73.042,73.9082,67.4214,66.9268,65.9358,0.4675,0.45,0.43656
965455200,12.7505,12.4919,12.2193,73.042,73.9082,74.527,66.9268,65.9358,65.2702,0.45,0.43656,0.42875
965456100,12.4919,12.2193,11.9327,73.9082,74.527,74.8982,65.9358,65.2702,64.9299,0.43656,0.42875,0.42656
965457000,12.2193,11.9327,11.6321,74.527,74.8982,75.022,65.2702,64.9299,64.915,0.42875,0.42656,0.43
965457900,11.9327,11.6321,11.2756,74.8982,75.022,74.1557,64.9299,64.915,68.5248,0.42656,0.43,0.46063
965458800,11.6321,11.2756,10.933,75.022,74.1557,73.537,64.915,68.5248,70.2603,0.43,0.46063,0.4825
965459700,11.2756,10.933,10.6045,74.1557,73.537,73.1657,68.5248,70.2603,70.1216,0.46063,0.4825,0.49563
965460600,10.933,10.6045,10.2899,73.537,73.1657,73.042,70.2603,70.1216,68.1087,0.4825,0.49563,0.5
965461500,10.6045,10.2899,9.56989,73.1657,73.042,73.6382,70.1216,68.1087,58.7379,0.49563,0.5,0.47688
965462400,10.2899,9.56989,9.14348,73.042,73.6382,74.167,68.1087,58.7379,51.1486,0.5,0.47688,0.4575
965463300,9.56989,9.14348,9.01066,73.6382,74.167,74.6282,58.7379,51.1486,45.3409,0.47688,0.4575,0.44188
965464200,9.14348,9.01066,9.17144,74.167,74.6282,75.022,51.1486,45.3409,41.3148,0.4575,0.44188,0.43
965465100,9.01066,9.17144,10.7373,74.6282,75.022,75.517,45.3409,41.3148,42.9465,0.44188,0.43,0.42375
965466000,9.17144,10.7373,11.8558,75.022,75.517,75.832,41.3148,42.9465,43.7756,0.43,0.42375,0.42
965466900,10.7373,11.8558,12.5268,75.517,75.832,75.967,42.9465,43.7756,43.8022,0.42375,0.42,0.41875
965467800,11.8558,12.5268,12.7505,75.832,75.967,75.922,43.7756,43.8022,43.0264,0.42,0.41875,0.42
965468700,12.5268,12.7505,11.5202,75.967,75.922,75.427,43.8022,43.0264,40.9177,0.41875,0.42,0.42563
965469600,12.7505,11.5202,10.5136,75.922,75.427,74.932,43.0264,40.9177,38.3601,0.42,0.42563,0.4325
965470500,11.5202,10.5136,9.73067,75.427,74.932,74.437,40.9177,38.3601,35.3535,0.42563,0.4325,0.44063
965471400,10.5136,9.73067,9.17144,74.932,74.437,73.942,38.3601,35.3535,31.898,0.4325,0.44063,0.45
965472300,9.73067,9.17144,9.2763,74.437,73.942,73.447,35.3535,31.898,26.3758,0.44063,0.45,0.46625
965473200,9.17144,9.2763,9.31125,73.942,73.447,72.952,31.898,26.3758,21.4831,0.45,0.46625,0.48
965474100,9.2763,9.31125,9.2763,73.447,72.952,72.457,26.3758,21.4831,17.22,0.46625,0.48,0.49125
965475000,9.31125,9.2763,9.17144,72.952,72.457,71.962,21.4831,17.22,13.5864,0.48,0.49125,0.5
965475900,9.2763,9.17144,8.99668,72.457,71.962,71.5682,17.22,13.5864,11.2118,0.49125,0.5,0.49406
965476800,9.17144,8.99668,8.75201,71.962,71.5682,71.107,13.5864,11.2118,9.04709,0.5,0.49406,0.49375
965477700,8.99668,8.75201,8.43744,71.5682,71.107,70.5782,11.2118,9.04709,7.09216,0.49406,0.49375,0.49906
965478600,8.75201,8.43744,8.05297,71.107,70.5782,69.982,9.04709,7.09216,5.34703,0.49375,0.49906,0.51
965479500,8.43744,8.05297,7.17917,70.5782,69.982,68.9301,7.09216,5.34703,3.71221,0.49906,0.51,0.5425
965480400,8.05297,7.17917,6.51508,69.982,68.9301,68.0695,5.34703,3.71221,2.35352,0.51,0.5425,0.57
965481300,7.17917,6.51508,6.0607,68.9301,68.0695,67.4001,3.71221,2.35352,1.27096,0.5425,0.57,0.5925
965482200,6.51508,6.0607,5.81603,68.0695,67.4001,66.922,2.35352,1.27096,0.46452,0.57,0.5925,0.61
965483100,6.0607,5.81603,6.30536,67.4001,66.922,67.1076,1.27096,0.46452,0.30484,0.5925,0.61,0.615
965484000,5.81603,6.30536,6.65489,66.922,67.1076,67.1695,0.46452,0.30484,0.17419,0.61,0.615,0.62
965484900,6.30536,6.65489,6.8646,67.1076,67.1695,67.1076,0.30484,0.17419,0.07258,0.615,0.62,0.625
965485800,6.65489,6.8646,6.9345,67.1695,67.1076,66.922,0.17419,0.07258,0.0,0.62,0.625,0.63
965486700,6.8646,6.9345,6.65489,67.1076,66.922,66.3257,0.07258,0.0,0.0,0.625,0.63,0.63219
965487600,6.9345,6.65489,6.37527,66.922,66.3257,65.797,0.0,0.0,0.0,0.63,0.63219,0.63625
965488500,6.65489,6.37527,6.09565,66.3257,65.797,65.3357,0.0,0.0,0.0,0.63219,0.63625,0.64219
965489400,6.37527,6.09565,5.81603,65.797,65.3357,64.942,0.0,0.0,0.0,0.63625,0.64219,0.65
965490300,6.09565,5.81603,5.22185,65.3357,64.942,64.6326,0.0,0.0,0.0,0.64219,0.65,0.66719
965491200,5.81603,5.22185,4.83737,64.942,64.6326,64.3795,0.0,0.0,0.0,0.65,0.66719,0.68125
965492100,5.22185,4.83737,4.66261,64.6326,64.3795,64.1826,0.0,0.0,0.0,0.66719,0.68125,0.69219
965493000,4.83737,4.66261,4.69757,64.3795,64.1826,64.042,0.0,0.0,0.0,0.68125,0.69219,0.7
965493900,4.66261,4.69757,5.57137,64.1826,64.042,64.4132,0.0,0.0,0.0,0.69219,0.7,0.68688
965494800,4.69757,5.57137,6.23546,64.042,64.4132,64.537,0.0,0.0,0.0,0.7,0.68688,0.6825
965495700,5.57137,6.23546,6.68984,64.4132,64.537,64.4132,0.0,0.0,0.0,0.68688,0.6825,0.68688
965496600,6.23546,6.68984,6.9345,64.537,64.4132,64.042,0.0,0.0,0.0,0.6825,0.68688,0.7
965497500,6.68984,6.9345,6.78071,64.4132,64.042,62.5964,0.0,0.0,0.0,0.68688,0.7,0.75094
965498400,6.9345,6.78071,6.54304,64.042,62.5964,61.4545,0.0,0.0,0.0,0.7,0.75094,0.79125
965499300,6.78071,6.54304,6.22148,62.5964,61.4545,60.6164,0.0,0.0,0.0,0.75094,0.79125,0.82094
965500200,6.54304,6.22148,5.81603,61.4545,60.6164,60.082,0.0,0.0,0.0,0.79125,0.82094,0.84
965501100,6.22148,5.81603,4.63465,60.6164,60.082,60.3914,0.0,0.0,0.0,0.82094,0.84,0.8325
965502000,5.81603,4.63465,3.83075,60.082,60.3914,60.6445,0.0,0.0,0.0,0.84,0.8325,0.825
965502900,4.63465,3.83075,3.40434,60.3914,60.6445,60.8414,0.0,0.0,0.0,0.8325,0.825,0.8175
965503800,3.83075,3.40434,3.3554,60.6445,60.8414,60.982,0.0,0.0,0.0,0.825,0.8175,0.81
965504700,3.40434,3.3554,4.69058,60.8414,60.982,61.0664,0.0,0.0,0.0,0.8175,0.81,0.79406
965505600,3.3554,4.69058,5.73215,60.982,61.0664,61.0945,0.0,0.0,0.0,0.81,0.79406,0.78375
965506500,4.69058,5.73215,6.48012,61.0664,61.0945,61.0664,0.0,0.0,0.0,0.79406,0.78375,0.77906
965507400,5.73215,6.48012,6.9345,61.0945,61.0664,60.982,0.0,0.0,0.0,0.78375,0.77906,0.78
965508300,6.48012,6.9345,6.55003,61.0664,60.982,60.6726,0.0,0.0,0.0,0.77906,0.78,0.80063
965509200,6.9345,6.55003,6.23546,60.982,60.6726,60.4195,0.0,0.0,0.0,0.78,0.80063,0.8175
965510100,6.55003,6.23546,5.9908,60.6726,60.4195,60.2226,0.0,0.0,0.0,0.80063,0.8175,0.83063
965511000,6.23546,5.9908,5.81603,60.4195,60.2226,60.082,0.0,0.0,0.0,0.8175,0.83063,0.84
965511900,5.9908,5.81603,5.71118,60.2226,60.082,60.082,0.0,0.0,0.0,0.83063,0.84,0.84
965512800,5.81603,5.71118,5.67623,60.082,60.082,60.082,0.0,0.0,0.0,0.84,0.84,0.84
965513700,5.71118,5.67623,5.71118,60.082,60.082,60.082,0.0,0.0,0.0,0.84,0.84,0.84
965514600,5.67623,5.71118,5.81603,60.082,60.082,60.082,0.0,0.0,0.0,0.84,0.84,0.84
965515500,5.71118,5.81603,6.09565,60.082,60.082,59.9976,0.0,0.0,0.51399,0.84,0.84,0.84281
965516400,5.81603,6.09565,6.37527,60.082,59.9976,59.9695,0.0,0.51399,1.09222,0.84,0.84281,0.84375
965517300,6.09565,6.37527,6.65489,59.9976,59.9695,59.9976,0.51399,1.09222,1.73468,0.84281,0.84375,0.84281
965518200,6.37527,6.65489,6.9345,59.9695,59.9976,60.082,1.09222,1.73468,2.44138,0.84375,0.84281,0.84
965519100,6.65489,6.9345,7.21412,59.9976,60.082,60.2057,1.73468,2.44138,3.25656,0.84281,0.84,0.83531
965520000,6.9345,7.21412,7.49374,60.082,60.2057,60.397,2.44138,3.25656,4.10648,0.84,0.83531,0.82875
965520900,7.21412,7.49374,7.77335,60.2057,60.397,60.6557,3.25656,4.10648,4.99113,0.83531,0.82875,0.82031
965521800,7.49374,7.77335,8.05297,60.397,60.6557,60.982,4.10648,4.99113,5.91052,0.82875,0.82031,0.81
965522700,7.77335,8.05297,8.43744,60.6557,60.982,61.477,4.99113,5.91052,5.42576,0.82031,0.81,0.79406
965523600,8.05297,8.43744,8.75201,60.982,61.477,61.972,5.91052,5.42576,5.93499,0.81,0.79406,0.77875
965524500,8.43744,8.75201,8.99668,61.477,61.972,62.467,5.42576,5.93499,7.43822,0.79406,0.77875,0.76406
965525400,8.75201,8.99668,9.17144,61.972,62.467,62.962,5.93499,7.43822,9.93544,0.77875,0.76406,0.75
965526300,8.99668,9.17144,9.06658,62.467,62.962,63.727,7.43822,9.93544,18.2516,0.76406,0.75,0.73
965527200,9.17144,9.06658,9.03163,62.962,63.727,64.312,9.93544,18.2516,24.3451,0.75,0.73,0.715
965528100,9.06658,9.03163,9.06658,63.727,64.312,64.717,18.2516,24.3451,28.216,0.73,0.715,0.705
965529000,9.03163,9.06658,9.17144,64.312,64.717,64.942,24.3451,28.216,29.8643,0.715,0.705,0.7
965529900,9.06658,9.17144,9.32523,64.717,64.942,64.0757,28.216,29.8643,20.8771,0.705,0.7,0.72531
965530800,9.17144,9.32523,9.5629,64.942,64.0757,63.637,29.8643,20.8771,15.2758,0.7,0.72531,0.73875
965531700,9.32523,9.5629,9.88446,64.0757,63.637,63.6257,20.8771,15.2758,13.0604,0.72531,0.73875,0.74031
965532600,9.5629,9.88446,10.2899,63.637,63.6257,64.042,15.2758,13.0604,14.2308,0.73875,0.74031,0.73
965533500,9.88446,10.2899,11.2406,63.6257,64.042,65.9826,13.0604,14.2308,25.6468,0.74031,0.73,0.67875
965534400,10.2899,11.2406,11.9676,64.042,65.9826,67.6195,14.2308,25.6468,35.8754,0.73,0.67875,0.635
965535300,11.2406,11.9676,12.4709,65.9826,67.6195,68.9526,25.6468,35.8754,44.9169,0.67875,0.635,0.59875
965536200,11.9676,12.4709,12.7505,67.6195,68.9526,69.982,35.8754,44.9169,52.771,0.635,0.59875,0.57
965537100,12.4709,12.7505,12.2612,68.9526,69.982,70.2689,44.9169,52.771,60.4904,0.59875,0.57,0.55906
965538000,12.7505,12.2612,11.9117,69.982,70.2689,70.5445,52.771,60.4904,66.3209,0.57,0.55906,0.54875
965538900,12.2612,11.9117,11.702,70.2689,70.5445,70.8089,60.4904,66.3209,70.2623,0.55906,0.54875,0.53906
965539800,11.9117,11.702,11.6321,70.5445,70.8089,71.062,66.3209,70.2623,72.3147,0.54875,0.53906,0.53
965540700,11.702,11.6321,11.702,70.8089,71.062,71.4557,70.2623,72.3147,69.0103,0.53906,0.53,0.51125
965541600,11.6321,11.702,11.9117,71.062,71.4557,71.737,72.3147,69.0103,66.1287,0.53,0.51125,0.5
965542500,11.702,11.9117,12.2612,71.4557,71.737,71.9057,69.0103,66.1287,63.6699,0.51125,0.5,0.49625
965543400,11.9117,12.2612,12.7505,71.737,71.9057,71.962,66.1287,63.6699,61.6339,0.5,0.49625,0.5
965544300,12.2612,12.7505,14.1137,71.9057,71.962,72.3107,63.6699,61.6339,62.644,0.49625,0.5,0.5075
965545200,12.7505,14.1137,15.1273,71.962,72.3107,72.277,61.6339,62.644,62.328,0.5,0.5075,0.525
965546100,14.1137,15.1273,15.7914,72.3107,72.277,71.8607,62.644,62.328,60.6858,0.5075,0.525,0.5525
965547000,15.1273,15.7914,16.1059,72.277,71.8607,71.062,62.328,60.6858,57.7174,0.525,0.5525,0.59
965547900,15.7914,16.1059,15.4419,71.8607,71.062,68.8345,60.6858,57.7174,50.0605,0.5525,0.59,0.68156
965548800,16.1059,15.4419,14.8477,71.062,68.8345,66.922,57.7174,50.0605,43.319,0.59,0.68156,0.75375
965549700,15.4419,14.8477,14.3234,68.8345,66.922,65.3245,50.0605,43.319,37.4928,0.68156,0.75375,0.80656
965550600,14.8477,14.3234,13.869,66.922,65.3245,64.042,43.319,37.4928,32.5819,0.75375,0.80656,0.84
965551500,14.3234,13.869,13.4845,65.3245,64.042,63.547,37.4928,32.5819,30.2911,0.80656,0.84,0.81094
965552400,13.869,13.4845,13.17,64.042,63.547,63.052,32.5819,30.2911,27.7792,0.84,0.81094,0.79125
965553300,13.4845,13.17,12.9253,63.547,63.052,62.557,30.2911,27.7792,25.046,0.81094,0.79125,0.78094
965554200,13.17,12.9253,12.7505,63.052,62.557,62.062,27.7792,25.046,22.0916,0.79125,0.78094,0.78
965555100,12.9253,12.7505,13.2958,62.557,62.062,61.3814,25.046,22.0916,17.2698,0.78094,0.78,0.81094
965556000,12.7505,13.2958,13.4775,62.062,61.3814,60.8245,22.0916,17.2698,13.3243,0.78,0.81094,0.83625
965556900,13.2958,13.4775,13.2958,61.3814,60.8245,60.3914,17.2698,13.3243,10.2549,0.81094,0.83625,0.85594
965557800,13.4775,13.2958,12.7505,60.8245,60.3914,60.082,13.3243,10.2549,8.06172,0.83625,0.85594,0.87
965558700,13.2958,12.7505,10.5416,60.3914,60.082,60.082,10.2549,8.06172,8.43698,0.85594,0.87,0.87563
965559600,12.7505,10.5416,8.8359,60.082,60.082,60.082,8.06172,8.43698,8.56027,0.87,0.87563,0.8775
965560500,10.5416,8.8359,7.63355,60.082,60.082,60.082,8.43698,8.56027,8.43158,0.87563,0.8775,0.87563
965561400,8.8359,7.63355,6.9345,60.082,60.082,60.082,8.56027,8.43158,8.05091,0.8775,0.87563,0.87
965562300,7.63355,6.9345,7.91316,60.082,60.082,60.082,8.43158,8.05091,6.97615,0.87563,0.87,0.84938
965563200,6.9345,7.91316,8.6122,60.082,60.082,60.082,8.05091,6.97615,5.94416,0.87,0.84938,0.8325
965564100,7.91316,8.6122,9.03163,60.082,60.082,60.082,6.97615,5.94416,4.95493,0.84938,0.8325,0.81938
965565000,8.6122,9.03163,9.17144,60.082,60.082,60.082,5.94416,4.95493,4.00848,0.8325,0.81938,0.81
965565900,9.03163,9.17144,8.6122,60.082,60.082,60.4701,4.95493,4.00848,2.91508,0.81938,0.81,0.79875
965566800,9.17144,8.6122,8.05297,60.082,60.4701,60.5995,4.00848,2.91508,1.99092,0.81,0.79875,0.795
965567700,8.6122,8.05297,7.49374,60.4701,60.5995,60.4701,2.91508,1.99092,1.236,0.79875,0.795,0.79875
965568600,8.05297,7.49374,6.9345,60.5995,60.4701,60.082,1.99092,1.236,0.65032,0.795,0.79875,0.81
965569500,7.49374,6.9345,6.0607,60.4701,60.082,58.4732,1.236,0.65032,0.42677,0.79875,0.81,0.85406
965570400,6.9345,6.0607,5.39661,60.082,58.4732,57.247,0.65032,0.42677,0.24387,0.81,0.85406,0.88875
965571300,6.0607,5.39661,4.94223,58.4732,57.247,56.4032,0.42677,0.24387,0.10161,0.85406,0.88875,0.91406
965572200,5.39661,4.94223,4.69757,57.247,56.4032,55.942,0.24387,0.10161,0.0,0.88875,0.91406,0.93
965573100,4.94223,4.69757,5.31272,56.4032,55.942,56.6226,0.10161,0.0,0.0,0.91406,0.93,0.91969
965574000,4.69757,5.31272,5.70419,55.942,56.6226,57.1795,0.0,0.0,0.0,0.93,0.91969,0.91125
965574900,5.31272,5.70419,5.87196,56.6226,57.1795,57.6126,0.0,0.0,0.0,0.91969,0.91125,0.90469
965575800,5.70419,5.87196,5.81603,57.1795,57.6126,57.922,0.0,0.0,0.0,0.91125,0.90469,0.9
965576700,5.87196,5.81603,4.97019,57.6126,57.922,57.922,0.0,0.0,0.0,0.90469,0.9,0.9
965577600,5.81603,4.97019,4.27814,57.922,57.922,57.922,0.0,0.0,0.0,0.9,0.9,0.9
965578500,4.97019,4.27814,3.73988,57.922,57.922,57.922,0.0,0.0,0.0,0.9,0.9,0.9
965579400,4.27814,3.73988,3.3554,57.922,57.922,57.922,0.0,0.0,0.0,0.9,0.9,0.9
965580300,3.73988,3.3554,3.12472,57.922,57.922,57.8207,0.0,0.0,0.0,0.9,0.9,0.90281
965581200,3.3554,3.12472,3.04783,57.922,57.8207,57.787,0.0,0.0,0.0,0.9,0.90281,0.90375
965582100,3.12472,3.04783,3.12472,57.8207,57.787,57.8207,0.0,0.0,0.0,0.90281,0.90375,0.90281
965583000,3.04783,3.12472,3.3554,57.787,57.8207,57.922,0.0,0.0,0.0,0.90375,0.90281,0.9
965583900,3.12472,3.3554,4.20125,57.8207,57.922,58.2932,0.0,0.0,0.0,0.90281,0.9,0.88969
965584800,3.3554,4.20125,4.8933,57.922,58.2932,58.597,0.0,0.0,0.0,0.9,0.88969,0.88125
965585700,4.20125,4.8933,5.43156,58.2932,58.597,58.8332,0.0,0.0,0.0,0.88969,0.88125,0.87469
965586600,4.8933,5.43156,5.81603,58.597,58.8332,59.002,0.0,0.0,0.0,0.88125,0.87469,0.87
965587500,5.43156,5.81603,5.71118,58.8332,59.002,59.1876,0.0,0.0,0.0,0.87469,0.87,0.86719
965588400,5.81603,5.71118,5.67623,59.002,59.1876,59.2495,0.0,0.0,0.0,0.87,0.86719,0.86625
965589300,5.71118,5.67623,5.71118,59.1876,59.2495,59.1876,0.0,0.0,0.0,0.86719,0.86625,0.86719
965590200,5.67623,5.71118,5.81603,59.2495,59.1876,59.002,0.0,0.0,0.0,0.86625,0.86719,0.87
965591100,5.71118,5.81603,6.30536,59.1876,59.002,58.507,0.0,0.0,0.0,0.86719,0.87,0.8775
965592000,5.81603,6.30536,6.65489,59.002,58.507,58.012,0.0,0.0,0.0,0.87,0.8775,0.885
965592900,6.30536,6.65489,6.8646,58.507,58.012,57.517,0.0,0.0,0.0,0.8775,0.885,0.8925
965593800,6.65489,6.8646,6.9345,58.012,57.517,57.022,0.0,0.0,0.0,0.885,0.8925,0.9
965594700,6.8646,6.9345,6.55003,57.517,57.022,56.257,0.0,0.0,0.0,0.8925,0.9,0.91313
965595600,6.9345,6.55003,6.23546,57.022,56.257,55.672,0.0,0.0,0.0,0.9,0.91313,0.9225
965596500,6.55003,6.23546,5.9908,56.257,55.672,55.267,0.0,0.0,0.0,0.91313,0.9225,0.92813
965597400,6.23546,5.9908,5.81603,55.672,55.267,55.042,0.0,0.0,0.0,0.9225,0.92813,0.93
965598300,5.9908,5.81603,5.71118,55.267,55.042,55.3514,0.0,0.0,0.0,0.92813,0.93,0.91969
965599200,5.81603,5.71118,5.67623,55.042,55.3514,55.6045,0.0,0.0,0.0,0.93,0.91969,0.91125
965600100,5.71118,5.67623,5.71118,55.3514,55.6045,55.8014,0.0,0.0,0.0,0.91969,0.91125,0.90469
965601000,5.67623,5.71118,5.81603,55.6045,55.8014,55.942,0.0,0.0,0.0,0.91125,0.90469,0.9
965601900,5.71118,5.81603,6.09565,55.8014,55.942,55.8407,0.0,0.0,0.0,0.90469,0.9,0.90281
965602800,5.81603,6.09565,6.37527,55.942,55.8407,55.807,0.0,0.0,0.13597,0.9,0.90281,0.90375
965603700,6.09565,6.37527,6.65489,55.8407,55.807,55.8407,0.0,0.13597,0.66886,0.90281,0.90375,0.90281
965604600,6.37527,6.65489,6.9345,55.807,55.8407,55.942,0.13597,0.66886,1.51167,0.90375,0.90281,0.9
965605500,6.65489,6.9345,7.42383,55.8407,55.942,56.2289,0.66886,1.51167,3.183,0.90281,0.9,0.88969
965606400,6.9345,7.42383,7.77335,55.942,56.2289,56.5045,1.51167,3.183,4.81853,0.9,0.88969,0.88125
965607300,7.42383,7.77335,7.98307,56.2289,56.5045,56.7689,3.183,4.81853,6.41829,0.88969,0.88125,0.87469
965608200,7.77335,7.98307,8.05297,56.5045,56.7689,57.022,4.81853,6.41829,7.98226,0.88125,0.87469,0.87
965609100,7.98307,8.05297,7.6685,56.7689,57.022,57.3314,6.41829,7.98226,9.03537,0.87469,0.87,0.87
965610000,8.05297,7.6685,7.35393,57.022,57.3314,57.5845,7.98226,9.03537,10.3694,0.87,0.87,0.87
965610900,7.6685,7.35393,7.10926,57.3314,57.5845,57.7814,9.03537,10.3694,11.9844,0.87,0.87,0.87
965611800,7.35393,7.10926,6.9345,57.5845,57.7814,57.922,10.3694,11.9844,13.8803,0.87,0.87,0.87
965612700,7.10926,6.9345,6.49411,57.7814,57.922,57.7195,11.9844,13.8803,16.0012,0.87,0.87,0.87844
965613600,6.9345,6.49411,6.34731,57.922,57.7195,57.652,13.8803,16.0012,18.4404,0.87,0.87844,0.88125
965614500,6.49411,6.34731,6.49411,57.7195,57.652,57.7195,16.0012,18.4404,21.1978,0.87844,0.88125,0.87844
965615400,6.34731,6.49411,6.9345,57.652,57.7195,57.922,18.4404,21.1978,24.2734,0.88125,0.87844,0.87
965616300,6.49411,6.9345,8.54929,57.7195,57.922,58.2932,21.1978,24.2734,27.6436,0.87844,0.87,0.84844
965617200,6.9345,8.54929,9.87048,57.922,58.2932,58.777,24.2734,27.6436,31.3478,0.87,0.84844,0.82625
965618100,8.54929,9.87048,10.8981,58.2932,58.777,59.3732,27.6436,31.3478,35.3861,0.84844,0.82625,0.80344
965619000,9.87048,10.8981,11.6321,58.777,59.3732,60.082,31.3478,35.3861,39.7585,0.82625,0.80344,0.78
965619900,10.8981,11.6321,11.9676,59.3732,60.082,61.2576,35.3861,39.7585,46.0905,0.80344,0.78,0.75219
965620800,11.6321,11.9676,12.0795,60.082,61.2576,62.3095,39.7585,46.0905,51.6728,0.78,0.75219,0.72625
965621700,11.9676,12.0795,11.9676,61.2576,62.3095,63.2376,46.0905,51.6728,56.5055,0.75219,0.72625,0.70219
965622600,12.0795,11.9676,11.6321,62.3095,63.2376,64.042,51.6728,56.5055,60.5886,0.72625,0.70219,0.68
965623500,11.9676,11.6321,10.6115,63.2376,64.042,64.537,56.5055,60.5886,64.2622,0.70219,0.68,0.66156
965624400,11.6321,10.6115,9.67475,64.042,64.537,65.032,60.5886,64.2622,66.9594,0.68,0.66156,0.64375
965625300,10.6115,9.67475,8.82192,64.537,65.032,65.527,64.2622,66.9594,68.68,0.66156,0.64375,0.62656
965626200,9.67475,8.82192,8.05297,65.032,65.527,66.022,66.9594,68.68,69.4241,0.64375,0.62656,0.61
965627100,8.82192,8.05297,6.73877,65.527,66.022,66.4157,68.68,69.4241,68.8839,0.62656,0.61,0.60344
965628000,8.05297,6.73877,5.92788,66.022,66.4157,66.877,69.4241,68.8839,67.5723,0.61,0.60344,0.59125
965628900,6.73877,5.92788,5.6203,66.4157,66.877,67.4057,68.8839,67.5723,65.4894,0.60344,0.59125,0.57344
965629800,5.92788,5.6203,5.81603,66.877,67.4057,68.002,67.5723,65.4894,62.6352,0.59125,0.57344,0.55
965630700,5.6203,5.81603,8.36055,67.4057,68.002,68.9695,65.4894,62.6352,55.7016,0.57344,0.55,0.49469
965631600,5.81603,8.36055,10.1781,68.002,68.9695,69.802,62.6352,55.7016,50.202,0.55,0.49469,0.45125
965632500,8.36055,10.1781,11.2686,68.9695,69.802,70.4995,55.7016,50.202,46.1364,0.49469,0.45125,0.41969
965633400,10.1781,11.2686,11.6321,69.802,70.4995,71.062,50.202,46.1364,43.5049,0.45125,0.41969,0.4
965634300,11.2686,11.6321,9.73766,70.4995,71.062,71.557,46.1364,43.5049,46.3406,0.41969,0.4,0.41656
965635200,11.6321,9.73766,8.13686,71.062,71.557,71.872,43.5049,46.3406,47.9216,0.4,0.41656,0.42875
965636100,9.73766,8.13686,6.82965,71.557,71.872,72.007,46.3406,47.9216,48.2478,0.41656,0.42875,0.43656
965637000,8.13686,6.82965,5.81603,71.872,72.007,71.962,47.9216,48.2478,47.3193,0.42875,0.43656,0.44
965637900,6.82965,5.81603,5.3267,72.007,71.962,71.2814,48.2478,47.3193,42.8047,0.43656,0.44,0.42875
965638800,5.81603,5.3267,4.97718,71.962,71.2814,70.7245,47.3193,42.8047,38.5896,0.44,0.42875,0.42
965639700,5.3267,4.97718,4.76747,71.2814,70.7245,70.2914,42.8047,38.5896,34.6739,0.42875,0.42,0.41375
965640600,4.97718,4.76747,4.69757,70.7245,70.2914,69.982,38.5896,34.6739,31.0577,0.42,0.41375,0.41
965641500,4.76747,4.69757,5.31272,70.2914,69.982,70.0664,34.6739,31.0577,28.2872,0.41375,0.41,0.41156
965642400,4.69757,5.31272,5.70419,69.982,70.0664,70.0945,31.0577,28.2872,25.452,0.41,0.41156,0.41375
965643300,5.31272,5.70419,5.87196,70.0664,70.0945,70.0664,28.2872,25.452,22.552,0.41156,0.41375,0.41656
965644200,5.70419,5.87196,5.81603,70.0945,70.0664,69.982,25.452,22.552,19.5873,0.41375,0.41656,0.42
965645100,5.87196,5.81603,4.63465,70.0664,69.982,69.7739,22.552,19.5873,15.6899,0.41656,0.42,0.42031
965646000,5.81603,4.63465,3.83075,69.982,69.7739,69.5545,19.5873,15.6899,12.3063,0.42,0.42031,0.42375
965646900,4.63465,3.83075,3.40434,69.7739,69.5545,69.3239,15.6899,12.3063,9.43655,0.42031,0.42375,0.43031
965647800,3.83075,3.40434,3.3554,69.5545,69.3239,69.082,12.3063,9.43655,7.08063,0.42375,0.43031,0.44
965648700,3.40434,3.3554,4.79543,69.3239,69.082,68.8964,9.43655,7.08063,5.81736,0.43031,0.44,0.45844
965649600,3.3554,4.79543,5.87196,69.082,68.8964,68.6545,7.08063,5.81736,4.68204,0.44,0.45844,0.47625
965650500,4.79543,5.87196,6.58498,68.8964,68.6545,68.3564,5.81736,4.68204,3.6747,0.45844,0.47625,0.49344
965651400,5.87196,6.58498,6.9345,68.6545,68.3564,68.002,4.68204,3.6747,2.79531,0.47625,0.49344,0.51
965652300,6.58498,6.9345,5.85099,68.3564,68.002,67.6926,3.6747,2.79531,2.07829,0.49344,0.51,0.51844
965653200,6.9345,5.85099,5.11699,68.002,67.6926,67.2595,2.79531,2.07829,1.46631,0.51,0.51844,0.53125
965654100,5.85099,5.11699,4.73252,67.6926,67.2595,66.7026,2.07829,1.46631,0.95935,0.51844,0.53125,0.54844
965655000,5.11699,4.73252,4.69757,67.2595,66.7026,66.022,1.46631,0.95935,0.55742,0.53125,0.54844,0.57
965655900,4.73252,4.69757,5.95584,66.7026,66.022,65.0489,0.95935,0.55742,0.36581,0.54844,0.57,0.60156
965656800,4.69757,5.95584,6.9345,66.022,65.0489,64.0645,0.55742,0.36581,0.20903,0.57,0.60156,0.63375
965657700,5.95584,6.9345,7.63355,65.0489,64.0645,63.0689,0.36581,0.20903,0.0871,0.60156,0.63375,0.66656
965658600,6.9345,7.63355,8.05297,64.0645,63.0689,62.062,0.20903,0.0871,0.0,0.63375,0.66656,0.7
965659500,7.63355,8.05297,7.56364,63.0689,62.062,60.6389,0.0871,0.0,0.0,0.66656,0.7,0.75094
965660400,8.05297,7.56364,7.21412,62.062,60.6389,59.4745,0.0,0.0,0.0,0.7,0.75094,0.79125
965661300,7.56364,7.21412,7.00441,60.6389,59.4745,58.5689,0.0,0.0,0.0,0.75094,0.79125,0.82094
965662200,7.21412,7.00441,6.9345,59.4745,58.5689,57.922,0.0,0.0,0.0,0.79125,0.82094,0.84
965663100,7.00441,6.9345,7.42383,58.5689,57.922,57.922,0.0,0.0,0.0,0.82094,0.84,0.82969
965664000,6.9345,7.42383,7.77335,57.922,57.922,57.922,0.0,0.0,0.0,0.84,0.82969,0.82125
965664900,7.42383,7.77335,7.98307,57.922,57.922,57.922,0.0,0.0,0.0,0.82969,0.82125,0.81469
965665800,7.77335,7.98307,8.05297,57.922,57.922,57.922,0.0,0.0,0.0,0.82125,0.81469,0.81
965666700,7.98307,8.05297,7.45878,57.922,57.922,57.922,0.0,0.0,0.0,0.81469,0.81,0.81
965667600,8.05297,7.45878,7.07431,57.922,57.922,57.922,0.0,0.0,0.0,0.81,0.81,0.81
965668500,7.45878,7.07431,6.89955,57.922,57.922,57.922,0.0,0.0,0.0,0.81,0.81,0.81
965669400,7.07431,6.89955,6.9345,57.922,57.922,57.922,0.0,0.0,0.0,0.81,0.81,0.81
965670300,6.89955,6.9345,7.70345,57.922,57.922,57.922,0.0,0.0,0.0,0.81,0.81,0.81
965671200,6.9345,7.70345,8.33259,57.922,57.922,57.922,0.0,0.0,0.0,0.81,0.81,0.81
965672100,7.70345,8.33259,8.82192,57.922,57.922,57.922,0.0,0.0,0.0,0.81,0.81,0.81
965673000,8.33259,8.82192,9.17144,57.922,57.922,57.922,0.0,0.0,0.0,0.81,0.81,0.81
965673900,8.82192,9.17144,8.94075,57.922,57.922,57.922,0.0,0.0,0.0,0.81,0.81,0.81
965674800,9.17144,8.94075,8.86386,57.922,57.922,57.922,0.0,0.0,0.0,0.81,0.81,0.81
965675700,8.94075,8.86386,8.94075,57.922,57.922,57.922,0.0,0.0,0.0,0.81,0.81,0.81
965676600,8.86386,8.94075,9.17144,57.922,57.922,57.922,0.0,0.0,0.0,0.81,0.81,0.81
965677500,8.94075,9.17144,10.1431,57.922,57.922,57.922,0.0,0.0,0.0,0.81,0.81,0.80719
965678400,9.17144,10.1431,10.8771,57.922,57.922,57.922,0.0,0.0,0.0,0.81,0.80719,0.80625
965679300,10.1431,10.8771,11.3734,57.922,57.922,57.922,0.0,0.0,0.0,0.80719,0.80625,0.80719
965680200,10.8771,11.3734,11.6321,57.922,57.922,57.922,0.0,0.0,0.0,0.80625,0.80719,0.81
965681100,11.3734,11.6321,11.4853,57.922,57.922,57.922,0.0,0.0,0.0,0.80719,0.81,0.82031
965682000,11.6321,11.4853,11.2126,57.922,57.922,57.922,0.0,0.0,0.0,0.81,0.82031,0.82875
965682900,11.4853,11.2126,10.8142,57.922,57.922,57.922,0.0,0.0,0.0,0.82031,0.82875,0.83531
965683800,11.2126,10.8142,10.2899,57.922,57.922,57.922,0.0,0.0,0.0,0.82875,0.83531,0.84
965684700,10.8142,10.2899,9.13649,57.922,57.922,57.922,0.0,0.0,0.0,0.83531,0.84,0.83719
965685600,10.2899,9.13649,8.19278,57.922,57.922,57.922,0.0,0.0,0.0,0.84,0.83719,0.83625
965686500,9.13649,8.19278,7.45878,57.922,57.922,57.922,0.0,0.0,0.0,0.83719,0.83625,0.83719
965687400,8.19278,7.45878,6.9345,57.922,57.922,57.922,0.0,0.0,0.0,0.83625,0.83719,0.84
965688300,7.45878,6.9345,6.49411,57.922,57.922,57.8207,0.0,0.0,0.05481,0.83719,0.84,0.85313
965689200,6.9345,6.49411,6.34731,57.922,57.8207,57.787,0.0,0.05481,0.23201,0.84,0.85313,0.8625
965690100,6.49411,6.34731,6.49411,57.8207,57.787,57.8207,0.05481,0.23201,0.5316,0.85313,0.8625,0.86813
965691000,6.34731,6.49411,6.9345,57.787,57.8207,57.922,0.23201,0.5316,0.95358,0.8625,0.86813,0.87
965691900,6.49411,6.9345,8.98969,57.8207,57.922,58.192,0.5316,0.95358,1.63814,0.86813,0.87,0.8625
965692800,6.9345,8.98969,10.4577,57.922,58.192,58.462,0.95358,1.63814,2.35163,0.87,0.8625,0.855
965693700,8.98969,10.4577,11.3385,58.192,58.462,58.732,1.63814,2.35163,3.09405,0.8625,0.855,0.8475
965694600,10.4577,11.3385,11.6321,58.462,58.732,59.002,2.35163,3.09405,3.86539,0.855,0.8475,0.84
965695500,11.3385,11.6321,9.91242,58.732,59.002,59.2889,3.09405,3.86539,4.69199,0.8475,0.84,0.8325
965696400,11.6321,9.91242,8.55628,59.002,59.2889,59.5645,3.86539,4.69199,5.52996,0.84,0.8325,0.825
965697300,9.91242,8.55628,7.56364,59.2889,59.5645,59.8289,4.69199,5.52996,6.37932,0.8325,0.825,0.8175
965698200,8.55628,7.56364,6.9345,59.5645,59.8289,60.082,5.52996,6.37932,7.24005,0.825,0.8175,0.81
965699100,7.56364,6.9345,7.42383,59.8289,60.082,60.3914,6.37932,7.24005,7.04335,0.8175,0.81,0.79969
965700000,6.9345,7.42383,7.77335,60.082,60.3914,60.6445,7.24005,7.04335,7.57057,0.81,0.79969,0.79125
965700900,7.42383,7.77335,7.98307,60.3914,60.6445,60.8414,7.04335,7.57057,8.82172,0.79969,0.79125,0.78469
965701800,7.77335,7.98307,8.05297,60.6445,60.8414,60.982,7.57057,8.82172,10.7968,0.79125,0.78469,0.78
965702700,7.98307,8.05297,7.6685,60.8414,60.982,60.7964,8.82172,10.7968,16.8353,0.78469,0.78,0.78281
965703600,8.05297,7.6685,7.35393,60.982,60.7964,60.7345,10.7968,16.8353,21.3714,0.78,0.78281,0.78375
965704500,7.6685,7.35393,7.10926,60.7964,60.7345,60.7964,16.8353,21.3714,24.4051,0.78281,0.78375,0.78281
965705400,7.35393,7.10926,6.9345,60.7345,60.7964,60.982,21.3714,24.4051,25.9363,0.78375,0.78281,0.78
965706300,7.10926,6.9345,7.14422,60.7964,60.982,61.477,24.4051,25.9363,22.1376,0.78281,0.78,0.77625
965707200,6.9345,7.14422,7.21412,60.982,61.477,61.972,25.9363,22.1376,19.3881,0.78,0.77625,0.77
965708100,7.14422,7.21412,7.14422,61.477,61.972,62.467,22.1376,19.3881,17.688,0.77625,0.77,0.76125
965709000,7.21412,7.14422,6.9345,61.972,62.467,62.962,19.3881,17.688,17.0371,0.77,0.76125,0.75
965709900,7.14422,6.9345,6.0607,62.467,62.962,63.6426,17.688,17.0371,19.5335,0.76125,0.75,0.72594
965710800,6.9345,6.0607,5.39661,62.962,63.6426,64.1995,17.0371,19.5335,21.6807,0.75,0.72594,0.70625
965711700,6.0607,5.39661,4.94223,63.6426,64.1995,64.6326,19.5335,21.6807,23.4785,0.72594,0.70625,0.69094
965712600,5.39661,4.94223,4.69757,64.1995,64.6326,64.942,21.6807,23.4785,24.927,0.70625,0.69094,0.68
965713500,4.94223,4.69757,5.08204,64.6326,64.942,64.942,23.4785,24.927,25.7092,0.69094,0.68,0.68
965714400,4.69757,5.08204,5.39661,64.942,64.942,64.942,24.927,25.7092,26.3535,0.68,0.68,0.68
965715300,5.08204,5.39661,5.64127,64.942,64.942,64.942,25.7092,26.3535,26.8597,0.68,0.68,0.68
965716200,5.39661,5.64127,5.81603,64.942,64.942,64.942,26.3535,26.8597,27.2279,0.68,0.68,0.68
965717100,5.64127,5.81603,5.81603,64.942,64.942,64.8407,26.8597,27.2279,28.2708,0.68,0.68,0.68281
965718000,5.81603,5.81603,5.81603,64.942,64.8407,64.807,27.2279,28.2708,28.634,0.68,0.68281,0.68375
965718900,5.81603,5.81603,5.81603,64.8407,64.807,64.8407,28.2708,28.634,28.3172,0.68281,0.68375,0.68281
965719800,5.81603,5.81603,5.81603,64.807,64.8407,64.942,28.634,28.3172,27.3206,0.68375,0.68281,0.68
965720700,5.81603,5.81603,5.81603,64.8407,64.942,65.3132,28.3172,27.3206,24.0871,0.68281,0.68,0.66969
965721600,5.81603,5.81603,5.81603,64.942,65.3132,65.617,27.3206,24.0871,21.2117,0.68,0.66969,0.66125
965722500,5.81603,5.81603,5.81603,65.3132,65.617,65.8532,24.0871,21.2117,18.6947,0.66969,0.66125,0.65469
965723400,5.81603,5.81603,5.81603,65.617,65.8532,66.022,21.2117,18.6947,16.5358,0.66125,0.65469,0.65
965724300,5.81603,5.81603,5.50147,65.8532,66.022,66.022,18.6947,16.5358,15.1459,0.65469,0.65,0.65
965725200,5.81603,5.50147,5.39661,66.022,66.022,66.022,16.5358,15.1459,13.8404,0.65,0.65,0.65
965726100,5.50147,5.39661,5.50147,66.022,66.022,66.022,15.1459,13.8404,12.6194,0.65,0.65,0.65
965727000,5.39661,5.50147,5.81603,66.022,66.022,66.022,13.8404,12.6194,11.4829,0.65,0.65,0.65
965727900,5.50147,5.81603,7.28402,66.022,66.022,66.1232,12.6194,11.4829,10.3615,0.65,0.65,0.64719
965728800,5.81603,7.28402,8.33259,66.022,66.1232,66.157,11.4829,10.3615,9.37082,0.65,0.64719,0.64625
965729700,7.28402,8.33259,8.96173,66.1232,66.157,66.1232,10.3615,9.37082,8.51078,0.64719,0.64625,0.64719
965730600,8.33259,8.96173,9.17144,66.157,66.1232,66.022,9.37082,8.51078,7.78143,0.64625,0.64719,0.65
965731500,8.96173,9.17144,8.01802,66.1232,66.022,65.6507,8.51078,7.78143,7.60526,0.64719,0.65,0.66031
965732400,9.17144,8.01802,7.07431,66.022,65.6507,65.347,7.78143,7.60526,7.27809,0.65,0.66031,0.66875
965733300,8.01802,7.07431,6.34032,65.6507,65.347,65.1107,7.60526,7.27809,6.79992,0.66031,0.66875,0.67531
965734200,7.07431,6.34032,5.81603,65.347,65.1107,64.942,7.27809,6.79992,6.17075,0.66875,0.67531,0.68
965735100,6.34032,5.81603,6.04672,65.1107,64.942,65.1276,6.79992,6.17075,4.96147,0.67531,0.68,0.67344
965736000,5.81603,6.04672,6.12361,64.942,65.1276,65.1895,6.17075,4.96147,3.88727,0.68,0.67344,0.67125
965736900,6.04672,6.12361,6.04672,65.1276,65.1895,65.1276,4.96147,3.88727,2.94815,0.67344,0.67125,0.67344
965737800,6.12361,6.04672,5.81603,65.1895,65.1276,64.942,3.88727,2.94815,2.1441,0.67125,0.67344,0.68
965738700,6.04672,5.81603,4.97019,65.1276,64.942,64.3457,2.94815,2.1441,1.529,0.67344,0.68,0.70125
965739600,5.81603,4.97019,4.27814,64.942,64.3457,63.817,2.1441,1.529,1.01307,0.68,0.70125,0.72
965740500,4.97019,4.27814,3.73988,64.3457,63.817,63.3557,1.529,1.01307,0.59631,0.70125,0.72,0.73625
965741400,4.27814,3.73988,3.3554,63.817,63.3557,62.962,1.01307,0.59631,0.27871,0.72,0.73625,0.75
965742300,3.73988,3.3554,3.3554,63.3557,62.962,62.8382,0.59631,0.27871,0.1829,0.73625,0.75,0.75469
965743200,3.3554,3.3554,3.3554,62.962,62.8382,62.647,0.27871,0.1829,0.10452,0.75,0.75469,0.76125
965744100,3.3554,3.3554,3.3554,62.8382,62.647,62.3882,0.1829,0.10452,0.04355,0.75469,0.76125,0.76969
965745000,3.3554,3.3554,3.3554,62.647,62.3882,62.062,0.10452,0.04355,0.0,0.76125,0.76969,0.78
965745900,3.3554,3.3554,3.3554,62.3882,62.062,61.6682,0.04355,0.0,0.0,0.76969,0.78,0.795
965746800,3.3554,3.3554,3.3554,62.062,61.6682,61.207,0.0,0.0,0.0,0.78,0.795,0.81
965747700,3.3554,3.3554,3.3554,61.6682,61.207,60.6782,0.0,0.0,0.0,0.795,0.81,0.825
965748600,3.3554,3.3554,3.3554,61.207,60.6782,60.082,0.0,0.0,0.0,0.81,0.825,0.84
965749500,3.3554,3.3554,3.12472,60.6782,60.082,59.0301,0.0,0.0,0.0,0.825,0.84,0.86063
965750400,3.3554,3.12472,3.04783,60.082,59.0301,58.1695,0.0,0.0,0.0,0.84,0.86063,0.8775
965751300,3.12472,3.04783,3.12472,59.0301,58.1695,57.5001,0.0,0.0,0.0,0.86063,0.8775,0.89063
965752200,3.04783,3.12472,3.3554,58.1695,57.5001,57.022,0.0,0.0,0.0,0.8775,0.89063,0.9
965753100,3.12472,3.3554,4.43193,57.5001,57.022,56.9376,0.0,0.0,0.0,0.89063,0.9,0.90281
965754000,3.3554,4.43193,5.20088,57.022,56.9376,56.9095,0.0,0.0,0.0,0.9,0.90281,0.90375
965754900,4.43193,5.20088,5.66224,56.9376,56.9095,56.9376,0.0,0.0,0.0,0.90281,0.90375,0.90281
965755800,5.20088,5.66224,5.81603,56.9095,56.9376,57.022,0.0,0.0,0.0,0.90375,0.90281,0.9
965756700,5.66224,5.81603,5.28476,56.9376,57.022,57.6014,0.0,0.0,0.0,0.90281,0.9,0.88406
965757600,5.81603,5.28476,4.69757,57.022,57.6014,57.9445,0.0,0.0,0.0,0.9,0.88406,0.87375
965758500,5.28476,4.69757,4.05445,57.6014,57.9445,58.0514,0.0,0.0,0.0,0.88406,0.87375,0.86906
965758501,4.69757,4.05445,3.3554,57.9445,58.0514,57.922,0.0,0.0,0.0,0.87375,0.86906,0.87
965758502,4.05445,3.3554,2.20198,58.0514,57.922,56.7464,0.0,0.0,0.0,0.86906,0.87,0.89063
965758503,3.3554,2.20198,1.25828,57.922,56.7464,55.8745,0.0,0.0,0.0,0.87,0.89063,0.9075
965758504,2.20198,1.25828,0.52428,56.7464,55.8745,55.3064,0.0,0.0,0.0,0.89063,0.9075,0.92063
965758505,1.25828,0.52428,0.0,55.8745,55.3064,55.042,0.0,0.0,0.0,0.9075,0.92063,0.93
965758506,0.52428,0.0,0.0,55.3064,55.042,55.9082,0.0,0.0,0.0,0.92063,0.93,0.92625
965758507,0.0,0.0,0.0,55.042,55.9082,56.527,0.0,0.0,0.0,0.93,0.92625,0.925
965758508,0.0,0.0,0.0,55.9082,56.527,56.8982,0.0,0.0,0.0,0.92625,0.925,0.92625
965758509,0.0,0.0,0.0,56.527,56.8982,57.022,0.0,0.0,0.0,0.925,0.92625,0.93
965758510,0.0,0.0,0.0,56.8982,57.022,56.3414,0.0,0.0,0.0,0.92625,0.93,0.94375
965758511,0.0,0.0,0.0,57.022,56.3414,55.7845,0.0,0.0,0.0,0.93,0.94375,0.955
965758512,0.0,0.0,0.0,56.3414,55.7845,55.3514,0.0,0.0,0.0,0.94375,0.955,0.96375
965758513,0.0,0.0,0.0,55.7845,55.3514,55.042,0.0,0.0,0.0,0.955,0.96375,0.97
965758514,0.0,0.0,0.81788,55.3514,55.042,54.8564,0.0,0.0,0.0,0.96375,0.97,0.97
965758515,0.0,0.81788,1.64974,55.042,54.8564,54.7945,0.0,0.0,0.0,0.97,0.97,0.97
965758516,0.81788,1.64974,2.49558,54.8564,54.7945,54.8564,0.0,0.0,0.0,0.97,0.97,0.97
965758517,1.64974,2.49558,3.3554,54.7945,54.8564,55.042,0.0,0.0,0.0,0.97,0.97,0.97
965758518,2.49558,3.3554,4.58572,54.8564,55.042,55.6382,0.0,0.0,0.0,0.97,0.97,0.97375
965758519,3.3554,4.58572,5.59234,55.042,55.6382,56.167,0.0,0.0,0.02555,0.97,0.97375,0.975
965758520,4.58572,5.59234,6.37527,55.6382,56.167,56.6282,0.0,0.02555,0.50691,0.97375,0.975,0.97375
965758521,5.59234,6.37527,6.9345,56.167,56.6282,57.022,0.02555,0.50691,1.30064,0.975,0.97375,0.97
965758522,6.37527,6.9345,6.9345,56.6282,57.022,57.2301,0.50691,1.30064,3.36024,0.97375,0.97,0.95625
965758523,6.9345,6.9345,6.9345,57.022,57.2301,57.4495,1.30064,3.36024,5.09657,0.97,0.95625,0.945
965758524,6.9345,6.9345,6.9345,57.2301,57.4495,57.6801,3.36024,5.09657,6.50963,0.95625,0.945,0.93625
965758525,6.9345,6.9345,6.9345,57.4495,57.6801,57.922,5.09657,6.50963,7.59942,0.945,0.93625,0.93
965758526,6.9345,6.9345,6.82965,57.6801,57.922,58.0064,6.50963,7.59942,6.38422,0.93625,0.93,0.94125
965758527,6.9345,6.82965,6.79469,57.922,58.0064,58.2145,7.59942,6.38422,6.16689,0.93,0.94125,0.945
965758528,6.82965,6.79469,6.82965,58.0064,58.2145,58.5464,6.38422,6.16689,6.94745,0.94125,0.945,0.94125
965758529,6.79469,6.82965,6.9345,58.2145,58.5464,59.002,6.16689,6.94745,8.72589,0.945,0.94125,0.93
965758530,6.82965,6.9345,6.98344,58.5464,59.002,59.6826,6.94745,8.72589,12.4228,0.94125,0.93,0.90094
965758531,6.9345,6.98344,7.18616,59.002,59.6826,60.4195,8.72589,12.4228,16.5039,0.93,0.90094,0.87125
965758532,6.98344,7.18616,7.54267,59.6826,60.4195,61.2126,12.4228,16.5039,20.9691,0.90094,0.87125,0.84094
965758533,7.18616,7.54267,8.05297,60.4195,61.2126,62.062,16.5039,20.9691,25.8185,0.87125,0.84094,0.81
965758534,7.54267,8.05297,9.82854,61.2126,62.062,63.3389,20.9691,25.8185,32.7256,0.84094,0.81,0.76531
965758535,8.05297,9.82854,11.0169,62.062,63.3389,64.4245,25.8185,32.7256,38.901,0.81,0.76531,0.72875
965758536,9.82854,11.0169,11.6181,63.3389,64.4245,65.3189,32.7256,38.901,44.3449,0.76531,0.72875,0.70031
965758537,11.0169,11.6181,11.6321,64.4245,65.3189,66.022,38.901,44.3449,49.0571,0.72875,0.70031,0.68
965758538,11.6181,11.6321,9.52795,65.3189,66.022,65.9432,44.3449,49.0571,52.4655,0.70031,0.68,0.69031
965758539,11.6321,9.52795,7.85724,66.022,65.9432,66.067,49.0571,52.4655,55.5237,0.68,0.69031,0.69375
965758540,9.52795,7.85724,6.61993,65.9432,66.067,66.3932,52.4655,55.5237,58.2317,0.69031,0.69375,0.69031
965758541,7.85724,6.61993,5.81603,66.067,66.3932,66.922,55.5237,58.2317,60.5895,0.69375,0.69031,0.68
965758542,6.61993,5.81603,6.30536,66.3932,66.922,67.9739,58.2317,60.5895,62.5207,0.69031,0.68,0.64875
965758543,5.81603,6.30536,6.65489,66.922,67.9739,69.0145,60.5895,62.5207,64.1526,0.68,0.64875,0.62
965758544,6.30536,6.65489,6.8646,67.9739,69.0145,70.0439,62.5207,64.1526,65.4854,0.64875,0.62,0.59375
965758545,6.65489,6.8646,6.9345,69.0145,70.0439,71.062,64.1526,65.4854,66.5189,0.62,0.59375,0.57
965758546,6.8646,6.9345,6.23546,70.0439,71.062,72.3389,65.4854,66.5189,67.1447,0.59375,0.57,0.54781
965758547,6.9345,6.23546,5.81603,71.062,72.3389,73.4245,66.5189,67.1447,67.5436,0.57,0.54781,0.52875
965758548,6.23546,5.81603,5.67623,72.3389,73.4245,74.3189,67.1447,67.5436,67.7155,0.54781,0.52875,0.51281
965758549,5.81603,5.67623,5.81603,73.4245,74.3189,75.022,67.5436,67.7155,67.6605,0.52875,0.51281,0.5
965758550,5.67623,5.81603,6.8646,74.3189,75.022,75.2301,67.7155,67.6605,67.7626,0.51281,0.5,0.49594
965758551,5.81603,6.8646,7.77335,75.022,75.2301,75.4495,67.6605,67.7626,67.3816,0.5,0.49594,0.49125
965758552,6.8646,7.77335,8.5423,75.2301,75.4495,75.6801,67.7626,67.3816,66.5177,0.49594,0.49125,0.48594
965758553,7.77335,8.5423,9.17144,75.4495,75.6801,75.922,67.3816,66.5177,65.1707,0.49125,0.48594,0.48
965758554,8.5423,9.17144,9.01066,75.6801,75.922,76.3945,66.5177,65.1707,62.8083,0.48594,0.48,0.46781
965758555,9.17144,9.01066,9.14348,75.922,76.3945,76.732,65.1707,62.8083,60.3178,0.48,0.46781,0.45875
965758556,9.01066,9.14348,9.56989,76.3945,76.732,76.9345,62.8083,60.3178,57.6994,0.46781,0.45875,0.45281
965758557,9.14348,9.56989,10.2899,76.732,76.9345,77.002,60.3178,57.6994,54.9529,0.45875,0.45281,0.45
965758558,9.56989,10.2899,12.2892,76.9345,77.002,76.8164,57.6994,54.9529,52.1463,0.45281,0.45,0.45594
965758559,10.2899,12.2892,13.9249,77.002,76.8164,76.5745,54.9529,52.1463,49.1664,0.45,0.45594,0.46125
965758560,12.2892,13.9249,15.1972,76.8164,76.5745,76.2764,52.1463,49.1664,46.0132,0.45594,0.46125,0.46594
965758561,13.9249,15.1972,16.1059,76.5745,76.2764,75.922,49.1664,46.0132,42.6867,0.46125,0.46594,0.47
965758562,15.1972,16.1059,16.2108,76.2764,75.922,75.427,46.0132,42.6867,38.811,0.46594,0.47,0.46875
965758563,16.1059,16.2108,16.2457,75.922,75.427,74.932,42.6867,38.811,35.0126,0.47,0.46875,0.47
965758564,16.2108,16.2457,16.2108,75.427,74.932,74.437,38.811,35.0126,31.2914,0.46875,0.47,0.47375
965758565,16.2457,16.2108,16.1059,74.932,74.437,73.942,35.0126,31.2914,27.6475,0.47,0.47375,0.48
965758566,16.2108,16.1059,15.6166,74.437,73.942,73.5314,31.2914,27.6475,23.7704,0.47375,0.48,0.49344
965758567,16.1059,15.6166,15.2671,73.942,73.5314,73.0645,27.6475,23.7704,20.1776,0.48,0.49344,0.50625
965758568,15.6166,15.2671,15.0574,73.5314,73.0645,72.5414,23.7704,20.1776,16.8691,0.49344,0.50625,0.51844
965758569,15.2671,15.0574,14.9875,73.0645,72.5414,71.962,20.1776,16.8691,13.8448,0.50625,0.51844,0.53
965758570,15.0574,14.9875,15.6865,72.5414,71.962,71.2589,16.8691,13.8448,11.0506,0.51844,0.53,0.53625
965758571,14.9875,15.6865,16.1059,71.962,71.2589,70.5445,13.8448,11.0506,8.57684,0.53,0.53625,0.545
965758572,15.6865,16.1059,16.2457,71.2589,70.5445,69.8189,11.0506,8.57684,6.42358,0.53625,0.545,0.55625
965758573,16.1059,16.2457,16.1059,70.5445,69.8189,69.082,8.57684,6.42358,4.5908,0.545,0.55625,0.57
965758574,16.2457,16.1059,15.2881,69.8189,69.082,68.1314,6.42358,4.5908,3.21594,0.55625,0.57,0.59469
965758575,16.1059,15.2881,14.4562,69.082,68.1314,67.3045,4.5908,3.21594,2.06994,0.57,0.59469,0.61625
965758576,15.2881,14.4562,13.6104,68.1314,67.3045,66.6014,3.21594,2.06994,1.1528,0.59469,0.61625,0.63469
965758577,14.4562,13.6104,12.7505,67.3045,66.6014,66.022,2.06994,1.1528,0.46452,0.61625,0.63469,0.65
965758578,13.6104,12.7505,11.5202,66.6014,66.022,65.5495,1.1528,0.46452,0.30484,0.63469,0.65,0.65844
965758579,12.7505,11.5202,10.5136,66.022,65.5495,65.212,0.46452,0.30484,0.17419,0.65,0.65844,0.66625
965758580,11.5202,10.5136,9.73067,65.5495,65.212,65.0095,0.30484,0.17419,0.07258,0.65844,0.66625,0.67344
965758581,10.5136,9.73067,9.17144,65.212,65.0095,64.942,0.17419,0.07258,0.0,0.66625,0.67344,0.68
965758582,9.73067,9.17144,9.17144,65.0095,64.942,65.4989,0.07258,0.0,0.0,0.67344,0.68,0.68219
965758583,9.17144,9.17144,9.17144,64.942,65.4989,65.8645,0.0,0.0,0.0,0.68,0.68219,0.68625
965758584,9.17144,9.17144,9.17144,65.4989,65.8645,66.0389,0.0,0.0,0.0,0.68219,0.68625,0.69219
965758585,9.17144,9.17144,9.17144,65.8645,66.0389,66.022,0.0,0.0,0.0,0.68625,0.69219,0.7
965758586,9.17144,9.17144,9.17144,66.0389,66.022,65.4426,0.0,0.0,0.0,0.69219,0.7,0.71719
965758587,9.17144,9.17144,9.17144,66.022,65.4426,64.9195,0.0,0.0,0.0,0.7,0.71719,0.73125
965758588,9.17144,9.17144,9.17144,65.4426,64.9195,64.4526,0.0,0.0,0.0,0.71719,0.73125,0.74219
965758589,9.17144,9.17144,9.17144,64.9195,64.4526,64.042,0.0,0.0,0.0,0.73125,0.74219,0.75
965758590,9.17144,9.17144,8.94075,64.4526,64.042,63.6707,0.0,0.0,0.0,0.74219,0.75,0.75188
965758591,9.17144,8.94075,8.86386,64.042,63.6707,63.367,0.0,0.0,0.0,0.75,0.75188,0.7525
965758592,8.94075,8.86386,8.94075,63.6707,63.367,63.1307,0.0,0.0,0.0,0.75188,0.7525,0.75188
965758593,8.86386,8.94075,9.17144,63.367,63.1307,62.962,0.0,0.0,0.0,0.7525,0.75188,0.75
965758594,8.94075,9.17144,10.248,63.1307,62.962,63.0464,0.0,0.0,0.0,0.75188,0.75,0.74313
965758595,9.17144,10.248,11.0169,62.962,63.0464,63.0745,0.0,0.0,0.0,0.75,0.74313,0.7375
965758596,10.248,11.0169,11.4783,63.0464,63.0745,63.0464,0.0,0.0,0.0,0.74313,0.7375,0.73313
965758597,11.0169,11.4783,11.6321,63.0745,63.0464,62.962,0.0,0.0,0.0,0.7375,0.73313,0.73
965758598,11.4783,11.6321,11.1008,63.0464,62.962,62.8382,0.0,0.0,0.0,0.73313,0.73,0.72531
965758599,11.6321,11.1008,10.5136,62.962,62.8382,62.647,0.0,0.0,0.0,0.73,0.72531,0.72375
965758600,11.1008,10.5136,9.87048,62.8382,62.647,62.3882,0.0,0.0,0.0,0.72531,0.72375,0.72531
965758601,10.5136,9.87048,9.17144,62.647,62.3882,62.062,0.0,0.0,0.0,0.72375,0.72531,0.73
965758602,9.87048,9.17144,7.70345,62.3882,62.062,61.297,0.0,0.0,0.0,0.72531,0.73,0.74719
965758603,9.17144,7.70345,6.65489,62.062,61.297,60.712,0.0,0.0,0.0,0.73,0.74719,0.76125
965758604,7.70345,6.65489,6.02575,61.297,60.712,60.307,0.0,0.0,0.0,0.74719,0.76125,0.77219
965758605,6.65489,6.02575,5.81603,60.712,60.307,60.082,0.0,0.0,0.0,0.76125,0.77219,0.78
965758606,6.02575,5.81603,7.82928,60.307,60.082,60.6782,0.0,0.0,0.0,0.77219,0.78,0.77438
965758607,5.81603,7.82928,9.05959,60.082,60.6782,61.027,0.0,0.0,0.0,0.78,0.77438,0.7725
965758608,7.82928,9.05959,9.50698,60.6782,61.027,61.1282,0.0,0.0,0.0,0.77438,0.7725,0.77438
965758609,9.05959,9.50698,9.17144,61.027,61.1282,60.982,0.0,0.0,0.0,0.7725,0.77438,0.78
965758610,9.50698,9.17144,5.57836,61.1282,60.982,59.9301,0.0,0.0,0.0,0.77438,0.78,0.80063
965758611,9.17144,5.57836,2.85209,60.982,59.9301,59.0695,0.0,0.0,0.0,0.78,0.80063,0.8175
965758612,5.57836,2.85209,0.99264,59.9301,59.0695,58.4001,0.0,0.0,0.0,0.80063,0.8175,0.83063
965758613,2.85209,0.99264,0.0,59.0695,58.4001,57.922,0.0,0.0,0.0,0.8175,0.83063,0.84
965758614,0.99264,0.0,1.50993,58.4001,57.922,57.4495,0.0,0.0,0.07311,0.83063,0.84,0.85031
965758615,0.0,1.50993,2.79617,57.922,57.4495,57.292,0.0,0.07311,0.62136,0.84,0.85031,0.85375
965758616,1.50993,2.79617,3.85872,57.4495,57.292,57.4495,0.07311,0.62136,1.64474,0.85031,0.85375,0.85031
965758617,2.79617,3.85872,4.69757,57.292,57.4495,57.922,0.62136,1.64474,3.14327,0.85375,0.85031,0.84
965758618,3.85872,4.69757,4.97718,57.4495,57.922,59.4689,1.64474,3.14327,5.41051,0.85031,0.84,0.80688
965758619,4.69757,4.97718,5.2568,57.922,59.4689,60.8245,3.14327,5.41051,7.95717,0.84,0.80688,0.7775
965758620,4.97718,5.2568,5.53642,59.4689,60.8245,61.9889,5.41051,7.95717,10.7832,0.80688,0.7775,0.75188
965758621,5.2568,5.53642,5.81603,60.8245,61.9889,62.962,7.95717,10.7832,13.8887,0.7775,0.75188,0.73
965758622,5.53642,5.81603,6.53605,61.9889,62.962,63.3557,10.7832,13.8887,17.6431,0.75188,0.73,0.7175
965758623,5.81603,6.53605,6.96246,62.962,63.3557,63.817,13.8887,17.6431,21.4306,0.73,0.7175,0.705
965758624,6.53605,6.96246,7.09528,63.3557,63.817,64.3457,17.6431,21.4306,25.2512,0.7175,0.705,0.6925
965758625,6.96246,7.09528,6.9345,63.817,64.3457,64.942,21.4306,25.2512,29.1049,0.705,0.6925,0.68
965758626,7.09528,6.9345,5.36865,64.3457,64.942,65.8926,25.2512,29.1049,33.3089,0.6925,0.68,0.66469
965758627,6.9345,5.36865,4.25018,64.942,65.8926,66.7195,29.1049,33.3089,37.3346,0.68,0.66469,0.65125
965758628,5.36865,4.25018,3.5791,65.8926,66.7195,67.4226,33.3089,37.3346,41.1819,0.66469,0.65125,0.63969
965758629,4.25018,3.5791,3.3554,66.7195,67.4226,68.002,37.3346,41.1819,44.8509,0.65125,0.63969,0.63
965758630,3.5791,3.3554,4.48086,67.4226,68.002,68.002,41.1819,44.8509,48.4587,0.63969,0.63,0.62875
965758631,3.3554,4.48086,5.45253,68.002,68.002,68.182,44.8509,48.4587,51.8101,0.63,0.62875,0.625
965758632,4.48086,5.45253,6.27041,68.002,68.182,68.542,48.4587,51.8101,54.905,0.62875,0.625,0.61875
965758633,5.45253,6.27041,6.9345,68.182,68.542,69.082,51.8101,54.905,57.7435,0.625,0.61875,0.61
965758634,6.27041,6.9345,7.52869,68.542,69.082,70.3589,54.905,57.7435,60.0366,0.61875,0.61,0.58844
965758635,6.9345,7.52869,7.91316,69.082,70.3589,71.4445,57.7435,60.0366,62.2659,0.61,0.58844,0.57125
965758636,7.52869,7.91316,8.08792,70.3589,71.4445,72.3389,60.0366,62.2659,64.4315,0.58844,0.57125,0.55844
965758637,7.91316,8.08792,8.05297,71.4445,72.3389,73.042,62.2659,64.4315,66.5333,0.57125,0.55844,0.55
965758638,8.08792,8.05297,7.07431,72.3389,73.042,73.1657,64.4315,66.5333,69.1825,0.55844,0.55,0.55531
965758639,8.05297,7.07431,6.37527,73.042,73.1657,73.357,66.5333,69.1825,71.3605,0.55,0.55531,0.55875
965758640,7.07431,6.37527,5.95584,73.1657,73.357,73.6157,69.1825,71.3605,73.0673,0.55531,0.55875,0.56031
965758641,6.37527,5.95584,5.81603,73.357,73.6157,73.942,71.3605,73.0673,74.3029,0.55875,0.56031,0.56
965758642,5.95584,5.81603,6.48012,73.6157,73.942,74.4201,73.0673,74.3029,74.8261,0.56031,0.56,0.55781
965758643,5.81603,6.48012,7.07431,73.942,74.4201,74.9095,74.3029,74.8261,75.039,0.56,0.55781,0.55375
965758644,6.48012,7.07431,7.59859,74.4201,74.9095,75.4101,74.8261,75.039,74.9414,0.55781,0.55375,0.54781
965758645,7.07431,7.59859,8.05297,74.9095,75.4101,75.922,75.039,74.9414,74.5333,0.55375,0.54781,0.54
965758646,7.59859,8.05297,8.43744,75.4101,75.922,76.4789,74.9414,74.5333,73.6839,0.54781,0.54,0.52656
965758647,8.05297,8.43744,8.75201,75.922,76.4789,77.0245,74.5333,73.6839,72.6113,0.54,0.52656,0.51375
965758648,8.43744,8.75201,8.99668,76.4789,77.0245,77.5589,73.6839,72.6113,71.3156,0.52656,0.51375,0.50156
965758649,8.75201,8.99668,9.17144,77.0245,77.5589,78.082,72.6113,71.3156,69.7968,0.51375,0.50156,0.49
965758650,8.99668,9.17144,8.94075,77.5589,78.082,78.6782,71.3156,69.7968,68.3736,0.50156,0.49,0.47906
965758651,9.17144,8.94075,8.86386,78.082,78.6782,79.207,69.7968,68.3736,66.5147,0.49,0.47906,0.46875
965758652,8.94075,8.86386,8.94075,78.6782,79.207,79.6682,68.3736,66.5147,64.2203,0.47906,0.46875,0.45906
965758653,8.86386,8.94075,9.17144,79.207,79.6682,80.062,66.5147,64.2203,61.4902,0.46875,0.45906,0.45
965758654,8.94075,9.17144,10.5625,79.6682,80.062,80.3714,64.2203,61.4902,57.806,0.45906,0.45,0.43781
965758655,9.17144,10.5625,11.4363,80.062,80.3714,80.6245,61.4902,57.806,54.0319,0.45,0.43781,0.42875
965758656,10.5625,11.4363,11.7928,80.3714,80.6245,80.8214,57.806,54.0319,50.1678,0.43781,0.42875,0.42281
965758657,11.4363,11.7928,11.6321,80.6245,80.8214,80.962,54.0319,50.1678,46.2137,0.42875,0.42281,0.42
965758658,11.7928,11.6321,9.63281,80.8214,80.962,81.0464,50.1678,46.2137,41.8912,0.42281,0.42,0.42406
965758659,11.6321,9.63281,7.99705,80.962,81.0464,81.0745,46.2137,41.8912,37.6644,0.42,0.42406,0.42875
965758660,9.63281,7.99705,6.72479,81.0464,81.0745,81.0464,41.8912,37.6644,33.5333,0.42406,0.42875,0.43406
965758661,7.99705,6.72479,5.81603,81.0745,81.0464,80.962,37.6644,33.5333,29.4978,0.42875,0.43406,0.44
965758662,6.72479,5.81603,5.81603,81.0464,80.962,81.2264,33.5333,29.4978,25.4188,0.43406,0.44,0.44
965758663,5.81603,5.81603,5.81603,80.962,81.2264,81.1645,29.4978,25.4188,21.5283,0.44,0.44,0.445
965758664,5.81603,5.81603,5.81603,81.2264,81.1645,80.7764,25.4188,21.5283,17.8263,0.44,0.445,0.455
965758665,5.81603,5.81603,5.81603,81.1645,80.7764,80.062,21.5283,17.8263,14.3127,0.445,0.455,0.47
965758666,5.81603,5.81603,5.81603,80.7764,80.062,78.1439,17.8263,14.3127,10.3128,0.455,0.47,0.50406
965758667,5.81603,5.81603,5.81603,80.062,78.1439,76.4845,14.3127,10.3128,6.95126,0.47,0.50406,0.53375
965758668,5.81603,5.81603,5.81603,78.1439,76.4845,75.0839,10.3128,6.95126,4.22797,0.50406,0.53375,0.55906
965758669,5.81603,5.81603,5.81603,76.4845,75.0839,73.942,6.95126,4.22797,2.14296,0.53375,0.55906,0.58
965758670,5.81603,5.81603,5.71118,75.0839,73.942,73.8182,4.22797,2.14296,1.48761,0.55906,0.58,0.58063
965758671,5.81603,5.71118,5.67623,73.942,73.8182,73.447,2.14296,1.48761,0.94297,0.58,0.58063,0.5875
965758672,5.71118,5.67623,5.71118,73.8182,73.447,72.8282,1.48761,0.94297,0.50903,0.58063,0.5875,0.60063
965758673,5.67623,5.71118,5.81603,73.447,72.8282,71.962,0.94297,0.50903,0.18581,0.5875,0.60063,0.62
965758674,5.71118,5.81603,6.41022,72.8282,71.962,70.0214,0.50903,0.18581,0.12194,0.60063,0.62,0.66813
965758675,5.81603,6.41022,6.79469,71.962,70.0214,68.3845,0.18581,0.12194,0.06968,0.62,0.66813,0.7075
965758676,6.41022,6.79469,6.96945,70.0214,68.3845,67.0514,0.12194,0.06968,0.02903,0.66813,0.7075,0.73813
965758677,6.79469,6.96945,6.9345,68.3845,67.0514,66.022,0.06968,0.02903,0.0,0.7075,0.73813,0.76
965758678,6.96945,6.9345,6.0607,67.0514,66.022,65.9207,0.02903,0.0,0.0,0.73813,0.76,0.75531
965758679,6.9345,6.0607,5.39661,66.022,65.9207,65.707,0.0,0.0,0.0,0.76,0.75531,0.75375
965758680,6.0607,5.39661,4.94223,65.9207,65.707,65.3807,0.0,0.0,0.0,0.75531,0.75375,0.75531
965758681,5.39661,4.94223,4.69757,65.707,65.3807,64.942,0.0,0.0,0.0,0.75375,0.75531,0.76
965758682,4.94223,4.69757,5.08204,65.3807,64.942,64.1376,0.0,0.0,0.0,0.75531,0.76,0.76875
965758683,4.69757,5.08204,5.39661,64.942,64.1376,63.3895,0.0,0.0,0.0,0.76,0.76875,0.78
965758684,5.08204,5.39661,5.64127,64.1376,63.3895,62.6976,0.0,0.0,0.0,0.76875,0.78,0.79375
965758685,5.39661,5.64127,5.81603,63.3895,62.6976,62.062,0.0,0.0,0.0,0.78,0.79375,0.81
965758686,5.64127,5.81603,5.60632,62.6976,62.062,61.4826,0.0,0.0,0.0,0.79375,0.81,0.84094
965758687,5.81603,5.60632,5.53642,62.062,61.4826,60.9595,0.0,0.0,0.0,0.81,0.84094,0.86625
965758688,5.60632,5.53642,5.60632,61.4826,60.9595,60.4926,0.0,0.0,0.0,0.84094,0.86625,0.88594
965758689,5.53642,5.60632,5.81603,60.9595,60.4926,60.082,0.0,0.0,0.0,0.86625,0.88594,0.9
965758690,5.60632,5.81603,6.58498,60.4926,60.082,59.7107,0.0,0.0,0.0,0.88594,0.9,0.9
965758691,5.81603,6.58498,7.21412,60.082,59.7107,59.407,0.0,0.0,0.0,0.9,0.9,0.9
965758692,6.58498,7.21412,7.70345,59.7107,59.407,59.1707,0.0,0.0,0.0,0.9,0.9,0.9
