id-2,id-1,id0,tstamp,windspeed-2,windspeed-1,windspeed0,temperature-2,temperature-1,temperature0,solarflux-2,solarflux-1,solarflux0,humidity-2,humidity-1,humidity0,clearingprice
1.0,2.0,3.0,965070000,9.61883,9.47203,9.31125,60.262,60.1664,60.0145,0.0,0.0,0.0,0.8,0.80156,0.80375,0.14
2.0,3.0,4.0,965070900,9.47203,9.31125,9.13649,60.1664,60.0145,59.8064,0.0,0.0,0.0,0.80156,0.80375,0.80656,0.14
3.0,4.0,5.0,965071800,9.31125,9.13649,8.94775,60.0145,59.8064,59.542,0.0,0.0,0.0,0.80375,0.80656,0.81,0.14
4.0,5.0,6.0,965072700,9.13649,8.94775,8.68211,59.8064,59.542,59.1201,0.0,0.0,0.0,0.80656,0.81,0.81406,0.14
5.0,6.0,7.0,965073600,8.94775,8.68211,8.44443,59.542,59.1201,58.7095,0.0,0.0,0.0,0.81,0.81406,0.81875,0.14
6.0,7.0,8.0,965074500,8.68211,8.44443,8.23472,59.1201,58.7095,58.3101,0.0,0.0,0.0,0.81406,0.81875,0.82406,0.14
7.0,8.0,9.0,965075400,8.44443,8.23472,8.05297,58.7095,58.3101,57.922,0.0,0.0,0.0,0.81875,0.82406,0.83,0.14
8.0,9.0,10.0,965076300,8.23472,8.05297,7.9621,58.3101,57.922,57.6126,0.0,0.0,0.0,0.82406,0.83,0.83844,0.14
9.0,10.0,11.0,965077200,8.05297,7.9621,7.85724,57.922,57.6126,57.2695,0.0,0.0,0.0,0.83,0.83844,0.84625,0.14
10.0,11.0,12.0,965078100,7.9621,7.85724,7.7384,57.6126,57.2695,56.8926,0.0,0.0,0.0,0.83844,0.84625,0.85344,0.14
11.0,12.0,13.0,965079000,7.85724,7.7384,7.60558,57.2695,56.8926,56.482,0.0,0.0,0.0,0.84625,0.85344,0.86,0.14
12.0,13.0,14.0,965079900,7.7384,7.60558,7.33296,56.8926,56.482,55.7507,0.0,0.0,0.0,0.85344,0.86,0.865,0.14
13.0,14.0,15.0,965080800,7.60558,7.33296,7.13023,56.482,55.7507,55.177,0.0,0.0,0.0,0.86,0.865,0.87,0.14
14.0,15.0,16.0,965081700,7.33296,7.13023,6.99742,55.7507,55.177,54.7607,0.0,0.0,0.0,0.865,0.87,0.875,0.14
15.0,16.0,17.0,965082600,7.13023,6.99742,6.9345,55.177,54.7607,54.502,0.0,0.0,0.2822,0.87,0.875,0.88,0.14
16.0,17.0,18.0,965083500,6.99742,6.9345,6.92052,54.7607,54.502,54.4176,0.0,0.2822,0.43954,0.875,0.88,0.8925,0.14
17.0,18.0,19.0,965084400,6.9345,6.92052,6.99043,54.502,54.4176,54.4795,0.2822,0.43954,1.25758,0.88,0.8925,0.9,0.12
18.0,19.0,20.0,965085300,6.92052,6.99043,7.14422,54.4176,54.4795,54.6876,0.43954,1.25758,2.7363,0.8925,0.9,0.9025,0.12
19.0,20.0,21.0,965086200,6.99043,7.14422,7.38189,54.4795,54.6876,55.042,1.25758,2.7363,4.87572,0.9,0.9025,0.9,0.12
20.0,21.0,22.0,965087100,7.14422,7.38189,8.1019,54.6876,55.042,55.6439,2.7363,4.87572,8.43015,0.9025,0.9,0.89531,0.12
21.0,22.0,23.0,965088000,7.38189,8.1019,8.64017,55.042,55.6439,56.3245,4.87572,8.43015,12.1424,0.9,0.89531,0.88375,0.12
22.0,23.0,24.0,965088900,8.1019,8.64017,8.99668,55.6439,56.3245,57.0839,8.43015,12.1424,16.0124,0.89531,0.88375,0.86531,0.12
23.0,24.0,25.0,965089800,8.64017,8.99668,9.17144,56.3245,57.0839,57.922,12.1424,16.0124,20.0403,0.88375,0.86531,0.84,0.12
24.0,25.0,26.0,965090700,8.99668,9.17144,8.78697,57.0839,57.922,59.5307,16.0124,20.0403,25.9639,0.86531,0.84,0.77875,0.12
25.0,26.0,27.0,965091600,9.17144,8.78697,8.4724,57.922,59.5307,60.757,20.0403,25.9639,30.8866,0.84,0.77875,0.73,0.12
26.0,27.0,28.0,965092500,8.78697,8.4724,8.22773,59.5307,60.757,61.6007,25.9639,30.8866,34.8086,0.77875,0.73,0.69375,0.12
27.0,28.0,29.0,965093400,8.4724,8.22773,8.05297,60.757,61.6007,62.062,30.8866,34.8086,37.7297,0.73,0.69375,0.67,0.12
28.0,29.0,30.0,965094300,8.22773,8.05297,7.94811,61.6007,62.062,60.7401,34.8086,37.7297,36.8126,0.69375,0.67,0.6925,0.12
29.0,30.0,31.0,965095200,8.05297,7.94811,7.91316,62.062,60.7401,59.9695,37.7297,36.8126,36.7863,0.67,0.6925,0.705,0.12
30.0,31.0,32.0,965096100,7.94811,7.91316,7.94811,60.7401,59.9695,59.7501,36.8126,36.7863,37.6508,0.6925,0.705,0.7075,0.12
31.0,32.0,33.0,965097000,7.91316,7.94811,8.05297,59.9695,59.7501,60.082,36.7863,37.6508,39.4061,0.705,0.7075,0.7,0.12
32.0,33.0,34.0,965097900,7.94811,8.05297,8.20676,59.7501,60.082,62.5176,37.6508,39.4061,47.5089,0.7075,0.7,0.65531,0.12
33.0,34.0,35.0,965098800,8.05297,8.20676,8.44443,60.082,62.5176,64.4695,39.4061,47.5089,52.8647,0.7,0.65531,0.61875,0.12
34.0,35.0,36.0,965099700,8.20676,8.44443,8.76599,62.5176,64.4695,65.9376,47.5089,52.8647,55.4736,0.65531,0.61875,0.59031,0.12
35.0,36.0,37.0,965100600,8.44443,8.76599,9.17144,64.4695,65.9376,66.922,52.8647,55.4736,55.3354,0.61875,0.59031,0.57,0.12
36.0,37.0,38.0,965101500,8.76599,9.17144,10.248,65.9376,66.922,66.7982,55.4736,55.3354,45.8918,0.59031,0.57,0.56625,0.12
37.0,38.0,39.0,965102400,9.17144,10.248,11.0169,66.922,66.7982,66.607,55.3354,45.8918,38.0735,0.57,0.56625,0.565,0.12
38.0,39.0,40.0,965103300,10.248,11.0169,11.4783,66.7982,66.607,66.3482,45.8918,38.0735,31.8806,0.56625,0.565,0.56625,0.12
39.0,40.0,41.0,965104200,11.0169,11.4783,11.6321,66.607,66.3482,66.022,38.0735,31.8806,27.3131,0.565,0.56625,0.57,0.12
40.0,41.0,42.0,965105100,11.4783,11.6321,11.1008,66.3482,66.022,65.257,31.8806,27.3131,26.5752,0.56625,0.57,0.58563,0.12
41.0,42.0,43.0,965106000,11.6321,11.1008,10.5136,66.022,65.257,64.672,27.3131,26.5752,25.9932,0.57,0.58563,0.5975,0.12
42.0,43.0,44.0,965106900,11.1008,10.5136,9.87048,65.257,64.672,64.267,26.5752,25.9932,25.567,0.58563,0.5975,0.60563,0.12
43.0,44.0,45.0,965107800,10.5136,9.87048,9.17144,64.672,64.267,64.042,25.9932,25.567,25.2967,0.5975,0.60563,0.61,0.12
44.0,45.0,46.0,965108700,9.87048,9.17144,7.59859,64.267,64.042,63.9632,25.567,25.2967,24.1086,0.60563,0.61,0.61063,0.12
45.0,46.0,47.0,965109600,9.17144,7.59859,6.51508,64.042,63.9632,64.087,25.2967,24.1086,23.7922,0.61,0.61063,0.6075,0.12
46.0,47.0,48.0,965110500,7.59859,6.51508,5.92089,63.9632,64.087,64.4132,24.1086,23.7922,24.3474,0.61063,0.6075,0.60063,0.12
47.0,48.0,49.0,965111400,6.51508,5.92089,5.81603,64.087,64.4132,64.942,23.7922,24.3474,25.7742,0.6075,0.60063,0.59,0.12
48.0,49.0,50.0,965112300,5.92089,5.81603,7.2281,64.4132,64.942,66.2807,24.3474,25.7742,27.8397,0.60063,0.59,0.56719,0.12
49.0,50.0,51.0,965113200,5.81603,7.2281,8.44443,64.942,66.2807,67.417,25.7742,27.8397,30.9322,0.59,0.56719,0.54625,0.12
50.0,51.0,52.0,965114100,7.2281,8.44443,9.46504,66.2807,67.417,68.3507,27.8397,30.9322,35.0517,0.56719,0.54625,0.52719,0.12
51.0,52.0,53.0,965115000,8.44443,9.46504,10.2899,67.417,68.3507,69.082,30.9322,35.0517,40.1983,0.54625,0.52719,0.51,0.12
52.0,53.0,54.0,965115900,9.46504,10.2899,10.8771,68.3507,69.082,69.3914,35.0517,40.1983,52.3055,0.52719,0.51,0.49281,0.12
53.0,54.0,55.0,965116800,10.2899,10.8771,11.2965,69.082,69.3914,69.6445,40.1983,52.3055,61.484,0.51,0.49281,0.47875,0.12
54.0,55.0,56.0,965117700,10.8771,11.2965,11.5482,69.3914,69.6445,69.8414,52.3055,61.484,67.7339,0.49281,0.47875,0.46781,0.12
55.0,56.0,57.0,965118600,11.2965,11.5482,11.6321,69.6445,69.8414,69.982,61.484,67.7339,71.0552,0.47875,0.46781,0.46,0.12
56.0,57.0,58.0,965119500,11.5482,11.6321,10.4157,69.8414,69.982,70.3532,67.7339,71.0552,67.3918,0.46781,0.46,0.44781,0.12
57.0,58.0,59.0,965120400,11.6321,10.4157,9.7866,69.982,70.3532,70.477,71.0552,67.3918,63.5038,0.46,0.44781,0.44375,0.12
58.0,59.0,60.0,965121300,10.4157,9.7866,9.74465,70.3532,70.477,70.3532,67.3918,63.5038,59.3911,0.44781,0.44375,0.44781,0.12
59.0,60.0,61.0,965122200,9.7866,9.74465,10.2899,70.477,70.3532,69.982,63.5038,59.3911,55.0537,0.44375,0.44781,0.46,0.12
60.0,61.0,62.0,965123100,9.74465,10.2899,13.5824,70.3532,69.982,68.9076,59.3911,55.0537,50.0369,0.44781,0.46,0.50094,0.12
61.0,62.0,63.0,965124000,10.2899,13.5824,16.0221,69.982,68.9076,67.8895,55.0537,50.0369,45.0985,0.46,0.50094,0.53625,0.12
62.0,63.0,64.0,965124900,13.5824,16.0221,17.6089,68.9076,67.8895,66.9276,50.0369,45.0985,40.2387,0.50094,0.53625,0.56594,0.12
63.0,64.0,65.0,965125800,16.0221,17.6089,18.3429,67.8895,66.9276,66.022,45.0985,40.2387,35.4573,0.53625,0.56594,0.59,0.12
64.0,65.0,66.0,965126700,17.6089,18.3429,16.7561,66.9276,66.022,65.0545,40.2387,35.4573,30.329,0.56594,0.59,0.6,0.12
65.0,66.0,67.0,965127600,18.3429,16.7561,15.2951,66.022,65.0545,64.222,35.4573,30.329,25.5629,0.59,0.6,0.61,0.1308
66.0,67.0,68.0,965128500,16.7561,15.2951,13.9599,65.0545,64.222,63.5245,30.329,25.5629,21.159,0.6,0.61,0.62,0.1307
67.0,68.0,69.0,965129400,15.2951,13.9599,12.7505,64.222,63.5245,62.962,25.5629,21.159,17.1171,0.61,0.62,0.63,0.14
68.0,69.0,70.0,965130300,13.9599,12.7505,11.7299,63.5245,62.962,62.8382,21.159,17.1171,13.1373,0.62,0.63,0.64094,0.14
69.0,70.0,71.0,965131200,12.7505,11.7299,10.7932,62.962,62.8382,62.647,17.1171,13.1373,9.71977,0.63,0.64094,0.65125,0.14
70.0,71.0,72.0,965132100,11.7299,10.7932,9.94039,62.8382,62.647,62.3882,13.1373,9.71977,6.86448,0.64094,0.65125,0.66094,0.14
71.0,72.0,73.0,965133000,10.7932,9.94039,9.17144,62.647,62.3882,62.062,9.71977,6.86448,4.57144,0.65125,0.66094,0.67,0.14
72.0,73.0,74.0,965133900,9.94039,9.17144,8.50735,62.3882,62.062,61.3814,6.86448,4.57144,3.44711,0.66094,0.67,0.68031,0.14
73.0,74.0,75.0,965134800,9.17144,8.50735,7.91316,62.062,61.3814,60.8245,4.57144,3.44711,2.48074,0.67,0.68031,0.68875,0.14
74.0,75.0,76.0,965135700,8.50735,7.91316,7.38888,61.3814,60.8245,60.3914,3.44711,2.48074,1.67235,0.68031,0.68875,0.69531,0.14
75.0,76.0,77.0,965136600,7.91316,7.38888,6.9345,60.8245,60.3914,60.082,2.48074,1.67235,1.02193,0.68875,0.69531,0.7,0.14
76.0,77.0,78.0,965137500,7.38888,6.9345,6.55003,60.3914,60.082,60.082,1.67235,1.02193,0.67064,0.69531,0.7,0.7,0.14
77.0,78.0,79.0,965138400,6.9345,6.55003,6.23546,60.082,60.082,60.082,1.02193,0.67064,0.38323,0.7,0.7,0.7,0.14
78.0,79.0,80.0,965139300,6.55003,6.23546,5.9908,60.082,60.082,60.082,0.67064,0.38323,0.15968,0.7,0.7,0.7,0.14
79.0,80.0,81.0,965140200,6.23546,5.9908,5.81603,60.082,60.082,60.082,0.38323,0.15968,0.0,0.7,0.7,0.7,0.14
80.0,81.0,82.0,965141100,5.9908,5.81603,6.04672,60.082,60.082,60.082,0.15968,0.0,0.0,0.7,0.7,0.7,0.14
81.0,82.0,83.0,965142000,5.81603,6.04672,6.12361,60.082,60.082,60.082,0.0,0.0,0.0,0.7,0.7,0.7,0.14
82.0,83.0,84.0,965142900,6.04672,6.12361,6.04672,60.082,60.082,60.082,0.0,0.0,0.0,0.7,0.7,0.7,0.14
83.0,84.0,85.0,965143800,6.12361,6.04672,5.81603,60.082,60.082,60.082,0.0,0.0,0.0,0.7,0.7,0.7,0.14
84.0,85.0,86.0,965144700,6.04672,5.81603,4.84437,60.082,60.082,60.1832,0.0,0.0,0.0,0.7,0.7,0.69813,0.14
85.0,86.0,87.0,965145600,5.81603,4.84437,4.11037,60.082,60.1832,60.217,0.0,0.0,0.0,0.7,0.69813,0.6975,0.16
86.0,87.0,88.0,965146500,4.84437,4.11037,3.61405,60.1832,60.217,60.1832,0.0,0.0,0.0,0.69813,0.6975,0.69813,0.3
87.0,88.0,89.0,965147400,4.11037,3.61405,3.3554,60.217,60.1832,60.082,0.0,0.0,0.0,0.6975,0.69813,0.7,0.3
88.0,89.0,90.0,965148300,3.61405,3.3554,3.5022,60.1832,60.082,59.8964,0.0,0.0,0.0,0.69813,0.7,0.70125,0.3
89.0,90.0,91.0,965149200,3.3554,3.5022,3.77483,60.082,59.8964,59.6545,0.0,0.0,0.0,0.7,0.70125,0.705,0.3
90.0,91.0,92.0,965150100,3.5022,3.77483,4.17328,59.8964,59.6545,59.3564,0.0,0.0,0.0,0.70125,0.705,0.71125,0.3
91.0,92.0,93.0,965151000,3.77483,4.17328,4.69757,59.6545,59.3564,59.002,0.0,0.0,0.0,0.705,0.71125,0.72,0.3
92.0,93.0,94.0,965151900,4.17328,4.69757,6.29138,59.3564,59.002,58.507,0.0,0.0,0.0,0.71125,0.72,0.73594,0.3
93.0,94.0,95.0,965152800,4.69757,6.29138,7.38189,59.002,58.507,58.012,0.0,0.0,0.0,0.72,0.73594,0.75125,0.14
94.0,95.0,96.0,965153700,6.29138,7.38189,7.96909,58.507,58.012,57.517,0.0,0.0,0.0,0.73594,0.75125,0.76594,0.14
95.0,96.0,97.0,965154600,7.38189,7.96909,8.05297,58.012,57.517,57.022,0.0,0.0,0.0,0.75125,0.76594,0.78,0.14
96.0,97.0,98.0,965155500,7.96909,8.05297,6.31235,57.517,57.022,56.4426,0.0,0.0,0.0,0.76594,0.78,0.79063,0.14
97.0,98.0,99.0,965156400,8.05297,6.31235,4.94922,57.022,56.4426,55.9195,0.0,0.0,0.0,0.78,0.79063,0.8025,0.14
98.0,99.0,100.0,965157300,6.31235,4.94922,3.96357,56.4426,55.9195,55.4526,0.0,0.0,0.0,0.79063,0.8025,0.81563,0.16
99.0,100.0,101.0,965158200,4.94922,3.96357,3.3554,55.9195,55.4526,55.042,0.0,0.0,0.0,0.8025,0.81563,0.83,0.3
100.0,101.0,102.0,965159100,3.96357,3.3554,3.71192,55.4526,55.042,54.5695,0.0,0.0,0.0,0.81563,0.83,0.85688,0.3
101.0,102.0,103.0,965160000,3.3554,3.71192,4.05445,55.042,54.5695,54.232,0.0,0.0,0.0,0.83,0.85688,0.8775,0.3
102.0,103.0,104.0,965160900,3.71192,4.05445,4.383,54.5695,54.232,54.0295,0.0,0.0,0.0,0.85688,0.8775,0.89188,0.3
103.0,104.0,105.0,965161800,4.05445,4.383,4.69757,54.232,54.0295,53.962,0.0,0.0,0.0,0.8775,0.89188,0.9,0.3
104.0,105.0,106.0,965162700,4.383,4.69757,4.87233,54.0295,53.962,54.7045,0.0,0.0,0.0,0.89188,0.9,0.88406,0.3
105.0,106.0,107.0,965163600,4.69757,4.87233,5.11699,53.962,54.7045,55.132,0.0,0.0,0.0,0.9,0.88406,0.87375,0.3
106.0,107.0,108.0,965164500,4.87233,5.11699,5.43156,54.7045,55.132,55.2445,0.0,0.0,0.0,0.88406,0.87375,0.86906,0.16
107.0,108.0,109.0,965165400,5.11699,5.43156,5.81603,55.132,55.2445,55.042,0.0,0.0,0.0,0.87375,0.86906,0.87,0.16
108.0,109.0,110.0,965166300,5.43156,5.81603,6.68984,55.2445,55.042,53.4107,0.0,0.0,0.0,0.86906,0.87,0.89719,0.16
109.0,110.0,111.0,965167200,5.81603,6.68984,7.35393,55.042,53.4107,52.207,0.0,0.0,0.0,0.87,0.89719,0.91625,0.14
110.0,111.0,112.0,965168100,6.68984,7.35393,7.80831,53.4107,52.207,51.4307,0.0,0.0,0.0,0.89719,0.91625,0.92719,0.14
111.0,112.0,113.0,965169000,7.35393,7.80831,8.05297,52.207,51.4307,51.082,0.0,0.0,0.28156,0.91625,0.92719,0.93,0.14
112.0,113.0,114.0,965169900,7.80831,8.05297,7.77335,51.4307,51.082,51.7007,0.0,0.28156,1.41423,0.92719,0.93,0.91625,0.14
113.0,114.0,115.0,965170800,8.05297,7.77335,7.49374,51.082,51.7007,52.387,0.28156,1.41423,2.92423,0.93,0.91625,0.9,0.14
114.0,115.0,116.0,965171700,7.77335,7.49374,7.21412,51.7007,52.387,53.1407,1.41423,2.92423,4.81156,0.91625,0.9,0.88125,0.14
115.0,116.0,117.0,965172600,7.49374,7.21412,6.9345,52.387,53.1407,53.962,2.92423,4.81156,7.07621,0.9,0.88125,0.86,0.14
116.0,117.0,118.0,965173500,7.21412,6.9345,6.1306,53.1407,53.962,55.0364,4.81156,7.07621,9.88034,0.88125,0.86,0.82969,0.14
117.0,118.0,119.0,965174400,6.9345,6.1306,5.67623,53.962,55.0364,56.0545,7.07621,9.88034,12.9537,0.86,0.82969,0.80125,0.14
118.0,119.0,120.0,965175300,6.1306,5.67623,5.57137,55.0364,56.0545,57.0164,9.88034,12.9537,16.2963,0.82969,0.80125,0.77469,0.12
119.0,120.0,121.0,965176200,5.67623,5.57137,5.81603,56.0545,57.0164,57.922,12.9537,16.2963,19.9081,0.80125,0.77469,0.75,0.12
120.0,121.0,122.0,965177100,5.57137,5.81603,7.6685,57.0164,57.922,58.7882,16.2963,19.9081,25.0992,0.77469,0.75,0.72625,0.12
121.0,122.0,123.0,965178000,5.81603,7.6685,9.03163,57.922,58.7882,59.587,19.9081,25.0992,29.6861,0.75,0.72625,0.705,0.12
122.0,123.0,124.0,965178900,7.6685,9.03163,9.90543,58.7882,59.587,60.3182,25.0992,29.6861,33.669,0.72625,0.705,0.68625,0.12
123.0,124.0,125.0,965179800,9.03163,9.90543,10.2899,59.587,60.3182,60.982,29.6861,33.669,37.0478,0.705,0.68625,0.67,0.12
124.0,125.0,126.0,965180700,9.90543,10.2899,8.92677,60.3182,60.982,61.5614,33.669,37.0478,40.4261,0.68625,0.67,0.65625,0.12
125.0,126.0,127.0,965181600,10.2899,8.92677,7.91316,60.982,61.5614,62.0845,37.0478,40.4261,42.7979,0.67,0.65625,0.645,0.12
126.0,127.0,128.0,965182500,8.92677,7.91316,7.24907,61.5614,62.0845,62.5514,40.4261,42.7979,44.1632,0.65625,0.645,0.63625,0.12
127.0,128.0,129.0,965183400,7.91316,7.24907,6.9345,62.0845,62.5514,62.962,42.7979,44.1632,44.522,0.645,0.63625,0.63,0.12
128.0,129.0,130.0,965184300,7.24907,6.9345,7.26305,62.5514,62.962,63.0632,44.1632,44.522,41.8795,0.63625,0.63,0.63938,0.12
129.0,130.0,131.0,965185200,6.9345,7.26305,7.74539,62.962,63.0632,63.277,44.522,41.8795,39.5604,0.63,0.63938,0.6425,0.12
130.0,131.0,132.0,965186100,7.26305,7.74539,8.38152,63.0632,63.277,63.6032,41.8795,39.5604,37.5648,0.63938,0.6425,0.63938,0.12
131.0,132.0,133.0,965187000,7.74539,8.38152,9.17144,63.277,63.6032,64.042,39.5604,37.5648,35.8926,0.6425,0.63938,0.63,0.12
132.0,133.0,134.0,965187900,8.38152,9.17144,10.7862,63.6032,64.042,64.9307,37.5648,35.8926,33.8214,0.63938,0.63,0.59563,0.12
133.0,134.0,135.0,965188800,9.17144,10.7862,12.1074,64.042,64.9307,65.707,35.8926,33.8214,32.5553,0.63,0.59563,0.5675,0.12
134.0,135.0,136.0,965189700,10.7862,12.1074,13.135,64.9307,65.707,66.3707,33.8214,32.5553,32.0944,0.59563,0.5675,0.54563,0.1378
135.0,136.0,137.0,965190600,12.1074,13.135,13.869,65.707,66.3707,66.922,32.5553,32.0944,32.4386,0.5675,0.54563,0.53,0.14
136.0,137.0,138.0,965191500,13.135,13.869,13.7641,66.3707,66.922,67.1076,32.0944,32.4386,34.3002,0.54563,0.53,0.53375,0.14
137.0,138.0,139.0,965192400,13.869,13.7641,13.7292,66.922,67.1076,67.3495,32.4386,34.3002,36.4921,0.53,0.53375,0.535,0.14
138.0,139.0,140.0,965193300,13.7641,13.7292,13.7641,67.1076,67.3495,67.6476,34.3002,36.4921,39.0144,0.53375,0.535,0.53375,0.1357
139.0,140.0,141.0,965194200,13.7292,13.7641,13.869,67.3495,67.6476,68.002,36.4921,39.0144,41.867,0.535,0.53375,0.53,0.12
140.0,141.0,142.0,965195100,13.7641,13.869,14.1486,67.6476,68.002,68.767,39.0144,41.867,47.9734,0.53375,0.53,0.5125,0.12
141.0,142.0,143.0,965196000,13.869,14.1486,14.4282,68.002,68.767,69.352,41.867,47.9734,52.4612,0.53,0.5125,0.5,0.12
142.0,143.0,144.0,965196900,14.1486,14.4282,14.7079,68.767,69.352,69.757,47.9734,52.4612,55.3305,0.5125,0.5,0.4925,0.12
143.0,144.0,145.0,965197800,14.4282,14.7079,14.9875,69.352,69.757,69.982,52.4612,55.3305,56.5812,0.5,0.4925,0.49,0.12
144.0,145.0,146.0,965198700,14.7079,14.9875,15.6865,69.757,69.982,69.6726,55.3305,56.5812,54.3008,0.4925,0.49,0.50375,0.12
145.0,146.0,147.0,965199600,14.9875,15.6865,16.1059,69.982,69.6726,69.4195,56.5812,54.3008,51.6769,0.49,0.50375,0.515,0.12
146.0,147.0,148.0,965200500,15.6865,16.1059,16.2457,69.6726,69.4195,69.2226,54.3008,51.6769,48.7094,0.50375,0.515,0.52375,0.12
147.0,148.0,149.0,965201400,16.1059,16.2457,16.1059,69.4195,69.2226,69.082,51.6769,48.7094,45.3983,0.515,0.52375,0.53,0.12
148.0,149.0,150.0,965202300,16.2457,16.1059,14.8477,69.2226,69.082,69.1832,48.7094,45.3983,40.0476,0.52375,0.53,0.52625,0.1336
149.0,150.0,151.0,965203200,16.1059,14.8477,13.869,69.082,69.1832,69.217,45.3983,40.0476,35.4841,0.53,0.52625,0.525,0.14
150.0,151.0,152.0,965204100,14.8477,13.869,13.17,69.1832,69.217,69.1832,40.0476,35.4841,31.7078,0.52625,0.525,0.52625,0.14
151.0,152.0,153.0,965205000,13.869,13.17,12.7505,69.217,69.1832,69.082,35.4841,31.7078,28.7187,0.525,0.52625,0.53,0.14
152.0,153.0,154.0,965205900,13.17,12.7505,13.2399,69.1832,69.082,68.812,31.7078,28.7187,27.8748,0.52625,0.53,0.54188,0.14
153.0,154.0,155.0,965206800,12.7505,13.2399,13.5894,69.082,68.812,68.542,28.7187,27.8748,26.9128,0.53,0.54188,0.5525,0.14
154.0,155.0,156.0,965207700,13.2399,13.5894,13.7991,68.812,68.542,68.272,27.8748,26.9128,25.8328,0.54188,0.5525,0.56188,0.14
155.0,156.0,157.0,965208600,13.5894,13.7991,13.869,68.542,68.272,68.002,26.9128,25.8328,24.6346,0.5525,0.56188,0.57,0.14
156.0,157.0,158.0,965209500,13.7991,13.869,13.8201,68.272,68.002,67.7151,25.8328,24.6346,23.7534,0.56188,0.57,0.57313,0.14
157.0,158.0,159.0,965210400,13.869,13.8201,13.6173,68.002,67.7151,67.4395,24.6346,23.7534,22.464,0.57,0.57313,0.5775,0.14
158.0,159.0,160.0,965211300,13.8201,13.6173,13.2608,67.7151,67.4395,67.1751,23.7534,22.464,20.7665,0.57313,0.5775,0.58313,0.14
159.0,160.0,161.0,965212200,13.6173,13.2608,12.7505,67.4395,67.1751,66.922,22.464,20.7665,18.6608,0.5775,0.58313,0.59,0.14
160.0,161.0,162.0,965213100,13.2608,12.7505,11.1847,67.1751,66.922,66.7982,20.7665,18.6608,14.7209,0.58313,0.59,0.59719,0.14
161.0,162.0,163.0,965214000,12.7505,11.1847,10.0662,66.922,66.7982,66.607,18.6608,14.7209,11.3236,0.59,0.59719,0.60625,0.14
162.0,163.0,164.0,965214900,11.1847,10.0662,9.39513,66.7982,66.607,66.3482,14.7209,11.3236,8.46873,0.59719,0.60625,0.61719,0.14
163.0,164.0,165.0,965215800,10.0662,9.39513,9.17144,66.607,66.3482,66.022,11.3236,8.46873,6.15635,0.60625,0.61719,0.63,0.14
164.0,165.0,166.0,965216700,9.39513,9.17144,10.2969,66.3482,66.022,65.4426,8.46873,6.15635,4.99927,0.61719,0.63,0.65125,0.14
165.0,166.0,167.0,965217600,9.17144,10.2969,11.2686,66.022,65.4426,64.9195,6.15635,4.99927,3.97614,0.63,0.65125,0.67,0.14
166.0,167.0,168.0,965218500,10.2969,11.2686,12.0864,65.4426,64.9195,64.4526,4.99927,3.97614,3.08696,0.65125,0.67,0.68625,0.14
167.0,168.0,169.0,965219400,11.2686,12.0864,12.7505,64.9195,64.4526,64.042,3.97614,3.08696,2.33173,0.67,0.68625,0.7,0.14
168.0,169.0,170.0,965220300,12.0864,12.7505,13.6803,64.4526,64.042,63.7551,3.08696,2.33173,1.81472,0.68625,0.7,0.70563,0.14
169.0,170.0,171.0,965221200,12.7505,13.6803,14.1766,64.042,63.7551,63.4795,2.33173,1.81472,1.36214,0.7,0.70563,0.7125,0.14
170.0,171.0,172.0,965222100,13.6803,14.1766,14.2395,63.7551,63.4795,63.2151,1.81472,1.36214,0.97401,0.70563,0.7125,0.72063,0.14
171.0,172.0,173.0,965223000,14.1766,14.2395,13.869,63.4795,63.2151,62.962,1.36214,0.97401,0.65032,0.7125,0.72063,0.73,0.14
172.0,173.0,174.0,965223900,14.2395,13.869,11.66,63.2151,62.962,62.7539,0.97401,0.65032,0.42677,0.72063,0.73,0.74438,0.14
173.0,174.0,175.0,965224800,13.869,11.66,9.95437,62.962,62.7539,62.5345,0.65032,0.42677,0.24387,0.73,0.74438,0.7575,0.14
174.0,175.0,176.0,965225700,11.66,9.95437,8.75201,62.7539,62.5345,62.3039,0.42677,0.24387,0.10161,0.74438,0.7575,0.76938,0.14
175.0,176.0,177.0,965226600,9.95437,8.75201,8.05297,62.5345,62.3039,62.062,0.24387,0.10161,0.0,0.7575,0.76938,0.78,0.14
176.0,177.0,178.0,965227500,8.75201,8.05297,9.24134,62.3039,62.062,61.6907,0.10161,0.0,0.0,0.76938,0.78,0.79031,0.14
177.0,178.0,179.0,965228400,8.05297,9.24134,10.0103,62.062,61.6907,61.387,0.0,0.0,0.0,0.78,0.79031,0.79875,0.14
178.0,179.0,180.0,965229300,9.24134,10.0103,10.3598,61.6907,61.387,61.1507,0.0,0.0,0.0,0.79031,0.79875,0.80531,0.14
179.0,180.0,181.0,965230200,10.0103,10.3598,10.2899,61.387,61.1507,60.982,0.0,0.0,0.0,0.79875,0.80531,0.81,0.14
180.0,181.0,182.0,965231100,10.3598,10.2899,8.64716,61.1507,60.982,60.982,0.0,0.0,0.0,0.80531,0.81,0.81,0.14
181.0,182.0,183.0,965232000,10.2899,8.64716,7.35393,60.982,60.982,60.982,0.0,0.0,0.0,0.81,0.81,0.81,0.14
182.0,183.0,184.0,965232900,8.64716,7.35393,6.41022,60.982,60.982,60.982,0.0,0.0,0.0,0.81,0.81,0.81,0.14
183.0,184.0,185.0,965233800,7.35393,6.41022,5.81603,60.982,60.982,60.982,0.0,0.0,0.0,0.81,0.81,0.81,0.14
184.0,185.0,186.0,965234700,6.41022,5.81603,6.20051,60.982,60.982,61.0664,0.0,0.0,0.0,0.81,0.81,0.80719,0.1555
185.0,186.0,187.0,965235600,5.81603,6.20051,6.51508,60.982,61.0664,61.0945,0.0,0.0,0.0,0.81,0.80719,0.80625,0.1514
186.0,187.0,188.0,965236500,6.20051,6.51508,6.75974,61.0664,61.0945,61.0664,0.0,0.0,0.0,0.80719,0.80625,0.80719,0.14
187.0,188.0,189.0,965237400,6.51508,6.75974,6.9345,61.0945,61.0664,60.982,0.0,0.0,0.0,0.80625,0.80719,0.81,0.14
188.0,189.0,190.0,965238300,6.75974,6.9345,6.9345,61.0664,60.982,60.6726,0.0,0.0,0.0,0.80719,0.81,0.82313,0.14
189.0,190.0,191.0,965239200,6.9345,6.9345,6.9345,60.982,60.6726,60.4195,0.0,0.0,0.0,0.81,0.82313,0.8325,0.14
190.0,191.0,192.0,965240100,6.9345,6.9345,6.9345,60.6726,60.4195,60.2226,0.0,0.0,0.0,0.82313,0.8325,0.83813,0.14
191.0,192.0,193.0,965241000,6.9345,6.9345,6.9345,60.4195,60.2226,60.082,0.0,0.0,0.0,0.8325,0.83813,0.84,0.14
192.0,193.0,194.0,965241900,6.9345,6.9345,7.14422,60.2226,60.082,60.1832,0.0,0.0,0.0,0.83813,0.84,0.82688,0.14
193.0,194.0,195.0,965242800,6.9345,7.14422,7.21412,60.082,60.1832,60.217,0.0,0.0,0.0,0.84,0.82688,0.8175,0.14
194.0,195.0,196.0,965243700,7.14422,7.21412,7.14422,60.1832,60.217,60.1832,0.0,0.0,0.0,0.82688,0.8175,0.81188,0.14
195.0,196.0,197.0,965244600,7.21412,7.14422,6.9345,60.217,60.1832,60.082,0.0,0.0,0.0,0.8175,0.81188,0.81,0.14
196.0,197.0,198.0,965245500,7.14422,6.9345,6.16556,60.1832,60.082,59.7107,0.0,0.0,0.0,0.81188,0.81,0.82031,0.14
197.0,198.0,199.0,965246400,6.9345,6.16556,5.53642,60.082,59.7107,59.407,0.0,0.0,0.0,0.81,0.82031,0.82875,0.14
198.0,199.0,200.0,965247300,6.16556,5.53642,5.04709,59.7107,59.407,59.1707,0.0,0.0,0.0,0.82031,0.82875,0.83531,0.16
199.0,200.0,201.0,965248200,5.53642,5.04709,4.69757,59.407,59.1707,59.002,0.0,0.0,0.0,0.82875,0.83531,0.84,0.16
200.0,201.0,202.0,965249100,5.04709,4.69757,4.69757,59.1707,59.002,59.1032,0.0,0.0,0.0,0.83531,0.84,0.83438,0.3
201.0,202.0,203.0,965250000,4.69757,4.69757,4.69757,59.002,59.1032,59.137,0.0,0.0,0.0,0.84,0.83438,0.8325,0.3
202.0,203.0,204.0,965250900,4.69757,4.69757,4.69757,59.1032,59.137,59.1032,0.0,0.0,0.0,0.83438,0.8325,0.83438,0.3
203.0,204.0,205.0,965251800,4.69757,4.69757,4.69757,59.137,59.1032,59.002,0.0,0.0,0.0,0.8325,0.83438,0.84,0.3
204.0,205.0,206.0,965252700,4.69757,4.69757,4.48785,59.1032,59.002,58.5295,0.0,0.0,0.0,0.83438,0.84,0.86063,0.3
205.0,206.0,207.0,965253600,4.69757,4.48785,4.41795,59.002,58.5295,58.192,0.0,0.0,0.0,0.84,0.86063,0.8775,0.3
206.0,207.0,208.0,965254500,4.48785,4.41795,4.48785,58.5295,58.192,57.9895,0.0,0.0,0.05124,0.86063,0.8775,0.89063,0.3
207.0,208.0,209.0,965255400,4.41795,4.48785,4.69757,58.192,57.9895,57.922,0.0,0.05124,0.28092,0.8775,0.89063,0.9,0.3
208.0,209.0,210.0,965256300,4.48785,4.69757,5.67623,57.9895,57.922,58.192,0.05124,0.28092,0.55854,0.89063,0.9,0.90281,0.3
209.0,210.0,211.0,965257200,4.69757,5.67623,6.37527,57.922,58.192,58.462,0.28092,0.55854,0.98136,0.9,0.90281,0.90375,0.16
210.0,211.0,212.0,965258100,5.67623,6.37527,6.79469,58.192,58.462,58.732,0.55854,0.98136,1.54937,0.90281,0.90375,0.90281,0.14
211.0,212.0,213.0,965259000,6.37527,6.79469,6.9345,58.462,58.732,59.002,0.98136,1.54937,2.26258,0.90375,0.90281,0.9,0.14
212.0,213.0,214.0,965259900,6.79469,6.9345,5.95584,58.732,59.002,59.2889,1.54937,2.26258,3.35194,0.90281,0.9,0.8925,0.14
213.0,214.0,215.0,965260800,6.9345,5.95584,5.2568,59.002,59.2889,59.5645,2.26258,3.35194,4.43253,0.9,0.8925,0.885,0.14
214.0,215.0,216.0,965261700,5.95584,5.2568,4.83737,59.2889,59.5645,59.8289,3.35194,4.43253,5.50433,0.8925,0.885,0.8775,0.16
215.0,216.0,217.0,965262600,5.2568,4.83737,4.69757,59.5645,59.8289,60.082,4.43253,5.50433,6.56735,0.885,0.8775,0.87,0.16
216.0,217.0,218.0,965263500,4.83737,4.69757,6.11662,59.8289,60.082,60.2057,5.50433,6.56735,7.27226,0.8775,0.87,0.86531,0.16
217.0,218.0,219.0,965264400,4.69757,6.11662,6.96246,60.082,60.2057,60.397,6.56735,7.27226,8.20128,0.87,0.86531,0.85875,0.14
218.0,219.0,220.0,965265300,6.11662,6.96246,7.23509,60.2057,60.397,60.6557,7.27226,8.20128,9.3544,0.86531,0.85875,0.85031,0.14
219.0,220.0,221.0,965266200,6.96246,7.23509,6.9345,60.397,60.6557,60.982,8.20128,9.3544,10.7316,0.85875,0.85031,0.84,0.14
220.0,221.0,222.0,965267100,7.23509,6.9345,4.00551,60.6557,60.982,61.477,9.3544,10.7316,12.4122,0.85031,0.84,0.82688,0.14
221.0,222.0,223.0,965268000,6.9345,4.00551,1.87343,60.982,61.477,61.972,10.7316,12.4122,14.2641,0.84,0.82688,0.8125,0.3
222.0,223.0,224.0,965268900,4.00551,1.87343,0.53826,61.477,61.972,62.467,12.4122,14.2641,16.2872,0.82688,0.8125,0.79688,0.3
223.0,224.0,225.0,965269800,1.87343,0.53826,0.0,61.972,62.467,62.962,14.2641,16.2872,18.4817,0.8125,0.79688,0.78,0.3
224.0,225.0,226.0,965270700,0.53826,0.0,1.89441,62.467,62.962,63.2545,16.2872,18.4817,19.0698,0.79688,0.78,0.76281,0.3
225.0,226.0,227.0,965271600,0.0,1.89441,3.49521,62.962,63.2545,63.682,18.4817,19.0698,21.0143,0.78,0.76281,0.74375,0.3
226.0,227.0,228.0,965272500,1.89441,3.49521,4.80242,63.2545,63.682,64.2445,19.0698,21.0143,24.3152,0.76281,0.74375,0.72281,0.3
227.0,228.0,229.0,965273400,3.49521,4.80242,5.81603,63.682,64.2445,64.942,21.0143,24.3152,28.9724,0.74375,0.72281,0.7,0.14
228.0,229.0,230.0,965274300,4.80242,5.81603,6.20051,64.2445,64.942,66.4664,24.3152,28.9724,41.3901,0.72281,0.7,0.66031,0.14
229.0,230.0,231.0,965275200,5.81603,6.20051,6.51508,64.942,66.4664,67.6645,28.9724,41.3901,50.8947,0.7,0.66031,0.62875,0.12
230.0,231.0,232.0,965276100,6.20051,6.51508,6.75974,66.4664,67.6645,68.5364,41.3901,50.8947,57.4861,0.66031,0.62875,0.60531,0.12
231.0,232.0,233.0,965277000,6.51508,6.75974,6.9345,67.6645,68.5364,69.082,50.8947,57.4861,61.1645,0.62875,0.60531,0.59,0.12
232.0,233.0,234.0,965277900,6.75974,6.9345,7.03936,68.5364,69.082,68.5251,57.4861,61.1645,56.1235,0.60531,0.59,0.59875,0.12
233.0,234.0,235.0,965278800,6.9345,7.03936,7.07431,69.082,68.5251,68.1595,61.1645,56.1235,52.0402,0.59,0.59875,0.605,0.12
234.0,235.0,236.0,965279700,7.03936,7.07431,7.03936,68.5251,68.1595,67.9851,56.1235,52.0402,48.9145,0.59875,0.605,0.60875,0.12
235.0,236.0,237.0,965280600,7.07431,7.03936,6.9345,68.1595,67.9851,68.002,52.0402,48.9145,46.7465,0.605,0.60875,0.61,0.12
236.0,237.0,238.0,965281500,7.03936,6.9345,6.55003,67.9851,68.002,68.5814,48.9145,46.7465,46.9478,0.60875,0.61,0.60875,0.12
237.0,238.0,239.0,965282400,6.9345,6.55003,6.23546,68.002,68.5814,69.1045,46.7465,46.9478,47.1656,0.61,0.60875,0.605,0.12
238.0,239.0,240.0,965283300,6.55003,6.23546,5.9908,68.5814,69.1045,69.5714,46.9478,47.1656,47.3998,0.60875,0.605,0.59875,0.12
239.0,240.0,241.0,965284200,6.23546,5.9908,5.81603,69.1045,69.5714,69.982,47.1656,47.3998,47.6505,0.605,0.59875,0.59,0.12
240.0,241.0,242.0,965285100,5.9908,5.81603,5.71118,69.5714,69.982,70.3532,47.3998,47.6505,50.0856,0.59875,0.59,0.5675,0.12
241.0,242.0,243.0,965286000,5.81603,5.71118,5.67623,69.982,70.3532,70.657,47.6505,50.0856,51.0918,0.59,0.5675,0.55,0.12
242.0,243.0,244.0,965286900,5.71118,5.67623,5.71118,70.3532,70.657,70.8932,50.0856,51.0918,50.6691,0.5675,0.55,0.5375,0.12
243.0,244.0,245.0,965287800,5.67623,5.71118,5.81603,70.657,70.8932,71.062,51.0918,50.6691,48.8174,0.55,0.5375,0.53,0.12
244.0,245.0,246.0,965288700,5.71118,5.81603,5.9908,70.8932,71.062,70.8764,50.6691,48.8174,39.5704,0.5375,0.53,0.54156,0.12
245.0,246.0,247.0,965289600,5.81603,5.9908,6.23546,71.062,70.8764,70.8145,48.8174,39.5704,32.8721,0.53,0.54156,0.54875,0.14
246.0,247.0,248.0,965290500,5.9908,6.23546,6.55003,70.8764,70.8145,70.8764,39.5704,32.8721,28.7225,0.54156,0.54875,0.55156,0.14
247.0,248.0,249.0,965291400,6.23546,6.55003,6.9345,70.8145,70.8764,71.062,32.8721,28.7225,27.1216,0.54875,0.55156,0.55,0.14
248.0,249.0,250.0,965292300,6.55003,6.9345,7.80831,70.8764,71.062,71.9282,28.7225,27.1216,36.218,0.55156,0.55,0.53,0.14
249.0,250.0,251.0,965293200,6.9345,7.80831,8.4724,71.062,71.9282,72.547,27.1216,36.218,42.4307,0.55,0.53,0.515,0.14
250.0,251.0,252.0,965294100,7.80831,8.4724,8.92677,71.9282,72.547,72.9182,36.218,42.4307,45.7598,0.53,0.515,0.505,0.14
251.0,252.0,253.0,965295000,8.4724,8.92677,9.17144,72.547,72.9182,73.042,42.4307,45.7598,46.2051,0.515,0.505,0.5,0.14
252.0,253.0,254.0,965295900,8.92677,9.17144,8.68211,72.9182,73.042,72.3614,45.7598,46.2051,37.4702,0.505,0.5,0.51219,0.14
253.0,254.0,255.0,965296800,9.17144,8.68211,8.33259,73.042,72.3614,71.8045,46.2051,37.4702,30.0493,0.5,0.51219,0.52125,0.14
254.0,255.0,256.0,965297700,8.68211,8.33259,8.12287,72.3614,71.8045,71.3714,37.4702,30.0493,23.9424,0.51219,0.52125,0.52719,0.14
255.0,256.0,257.0,965298600,8.33259,8.12287,8.05297,71.8045,71.3714,71.062,30.0493,23.9424,19.1495,0.52125,0.52719,0.53,0.14
256.0,257.0,258.0,965299500,8.12287,8.05297,8.33259,71.3714,71.062,71.2476,23.9424,19.1495,17.8168,0.52719,0.53,0.5175,0.14
257.0,258.0,259.0,965300400,8.05297,8.33259,8.6122,71.062,71.2476,71.3095,19.1495,17.8168,16.3674,0.53,0.5175,0.51,0.14
258.0,259.0,260.0,965301300,8.33259,8.6122,8.89182,71.2476,71.3095,71.2476,17.8168,16.3674,14.8013,0.5175,0.51,0.5075,0.14
259.0,260.0,261.0,965302200,8.6122,8.89182,9.17144,71.3095,71.2476,71.062,16.3674,14.8013,13.1184,0.51,0.5075,0.51,0.14
260.0,261.0,262.0,965303100,8.89182,9.17144,9.66077,71.2476,71.062,70.4826,14.8013,13.1184,10.8231,0.5075,0.51,0.52688,0.14
261.0,262.0,263.0,965304000,9.17144,9.66077,10.0103,71.062,70.4826,69.9595,13.1184,10.8231,8.74167,0.51,0.52688,0.5425,0.14
262.0,263.0,264.0,965304900,9.66077,10.0103,10.22,70.4826,69.9595,69.4926,10.8231,8.74167,6.87403,0.52688,0.5425,0.55688,0.14
263.0,264.0,265.0,965305800,10.0103,10.22,10.2899,69.9595,69.4926,69.082,8.74167,6.87403,5.22021,0.5425,0.55688,0.57,0.14
264.0,265.0,266.0,965306700,10.22,10.2899,10.1151,69.4926,69.082,68.9976,6.87403,5.22021,3.75092,0.55688,0.57,0.57531,0.14
265.0,266.0,267.0,965307600,10.2899,10.1151,9.87048,69.082,68.9976,68.7895,5.22021,3.75092,2.515,0.57,0.57531,0.58375,0.14
266.0,267.0,268.0,965308500,10.1151,9.87048,9.55591,68.9976,68.7895,68.4576,3.75092,2.515,1.51243,0.57531,0.58375,0.59531,0.14
267.0,268.0,269.0,965309400,9.87048,9.55591,9.17144,68.7895,68.4576,68.002,2.515,1.51243,0.74322,0.58375,0.59531,0.61,0.16
268.0,269.0,270.0,965310300,9.55591,9.17144,8.19278,68.4576,68.002,66.9501,1.51243,0.74322,0.48774,0.59531,0.61,0.64094,0.16
269.0,270.0,271.0,965311200,9.17144,8.19278,7.49374,68.002,66.9501,66.0895,0.74322,0.48774,0.27871,0.61,0.64094,0.66625,0.16
270.0,271.0,272.0,965312100,8.19278,7.49374,7.07431,66.9501,66.0895,65.4201,0.48774,0.27871,0.11613,0.64094,0.66625,0.68594,0.16
271.0,272.0,273.0,965313000,7.49374,7.07431,6.9345,66.0895,65.4201,64.942,0.27871,0.11613,0.0,0.66625,0.68594,0.7,0.16
272.0,273.0,274.0,965313900,7.07431,6.9345,7.70345,65.4201,64.942,64.942,0.11613,0.0,0.0,0.68594,0.7,0.69719,0.16
273.0,274.0,275.0,965314800,6.9345,7.70345,8.33259,64.942,64.942,64.942,0.0,0.0,0.0,0.7,0.69719,0.69625,0.1562
274.0,275.0,276.0,965315700,7.70345,8.33259,8.82192,64.942,64.942,64.942,0.0,0.0,0.0,0.69719,0.69625,0.69719,0.14
275.0,276.0,277.0,965316600,8.33259,8.82192,9.17144,64.942,64.942,64.942,0.0,0.0,0.0,0.69625,0.69719,0.7,0.14
276.0,277.0,278.0,965317500,8.82192,9.17144,9.17144,64.942,64.942,65.0264,0.0,0.0,0.0,0.69719,0.7,0.70844,0.14
277.0,278.0,279.0,965318400,9.17144,9.17144,9.17144,64.942,65.0264,65.0545,0.0,0.0,0.0,0.7,0.70844,0.71625,0.14
278.0,279.0,280.0,965319300,9.17144,9.17144,9.17144,65.0264,65.0545,65.0264,0.0,0.0,0.0,0.70844,0.71625,0.72344,0.14
279.0,280.0,281.0,965320200,9.17144,9.17144,9.17144,65.0545,65.0264,64.942,0.0,0.0,0.0,0.71625,0.72344,0.73,0.14
280.0,281.0,282.0,965321100,9.17144,9.17144,8.94075,65.0264,64.942,64.7339,0.0,0.0,0.0,0.72344,0.73,0.73688,0.14
281.0,282.0,283.0,965322000,9.17144,8.94075,8.86386,64.942,64.7339,64.5145,0.0,0.0,0.0,0.73,0.73688,0.7425,0.14
282.0,283.0,284.0,965322900,8.94075,8.86386,8.94075,64.7339,64.5145,64.2839,0.0,0.0,0.0,0.73688,0.7425,0.74688,0.14
283.0,284.0,285.0,965323800,8.86386,8.94075,9.17144,64.5145,64.2839,64.042,0.0,0.0,0.0,0.7425,0.74688,0.75,0.14
284.0,285.0,286.0,965324700,8.94075,9.17144,10.3528,64.2839,64.042,63.7551,0.0,0.0,0.0,0.74688,0.75,0.74719,0.14
285.0,286.0,287.0,965325600,9.17144,10.3528,11.1567,64.042,63.7551,63.4795,0.0,0.0,0.0,0.75,0.74719,0.74625,0.14
286.0,287.0,288.0,965326500,10.3528,11.1567,11.5831,63.7551,63.4795,63.2151,0.0,0.0,0.0,0.74719,0.74625,0.74719,0.14
287.0,288.0,289.0,965327400,11.1567,11.5831,11.6321,63.4795,63.2151,62.962,0.0,0.0,0.0,0.74625,0.74719,0.75,0.14
288.0,289.0,290.0,965328300,11.5831,11.6321,10.2969,63.2151,62.962,62.8382,0.0,0.0,0.0,0.74719,0.75,0.7575,0.14
289.0,290.0,291.0,965329200,11.6321,10.2969,9.25532,62.962,62.8382,62.647,0.0,0.0,0.0,0.75,0.7575,0.765,0.14
290.0,291.0,292.0,965330100,10.2969,9.25532,8.50735,62.8382,62.647,62.3882,0.0,0.0,0.0,0.7575,0.765,0.7725,0.14
291.0,292.0,293.0,965331000,9.25532,8.50735,8.05297,62.647,62.3882,62.062,0.0,0.0,0.0,0.765,0.7725,0.78,0.14
292.0,293.0,294.0,965331900,8.50735,8.05297,8.64716,62.3882,62.062,61.5839,0.0,0.0,0.0,0.7725,0.78,0.78469,0.14
293.0,294.0,295.0,965332800,8.05297,8.64716,9.03163,62.062,61.5839,61.0945,0.0,0.0,0.0,0.78,0.78469,0.79125,0.14
294.0,295.0,296.0,965333700,8.64716,9.03163,9.20639,61.5839,61.0945,60.5939,0.0,0.0,0.0,0.78469,0.79125,0.79969,0.14
295.0,296.0,297.0,965334600,9.03163,9.20639,9.17144,61.0945,60.5939,60.082,0.0,0.0,0.0,0.79125,0.79969,0.81,0.14
296.0,297.0,298.0,965335500,9.20639,9.17144,8.40249,60.5939,60.082,59.4239,0.0,0.0,0.0,0.79969,0.81,0.82781,0.14
297.0,298.0,299.0,965336400,9.17144,8.40249,7.77335,60.082,59.4239,58.8445,0.0,0.0,0.0,0.81,0.82781,0.84375,0.14
298.0,299.0,300.0,965337300,8.40249,7.77335,7.28402,59.4239,58.8445,58.3439,0.0,0.0,0.0,0.82781,0.84375,0.85781,0.14
299.0,300.0,301.0,965338200,7.77335,7.28402,6.9345,58.8445,58.3439,57.922,0.0,0.0,0.0,0.84375,0.85781,0.87,0.14
300.0,301.0,302.0,965339100,7.28402,6.9345,6.9345,58.3439,57.922,57.5282,0.0,0.0,0.0,0.85781,0.87,0.88031,0.14
301.0,302.0,303.0,965340000,6.9345,6.9345,6.9345,57.922,57.5282,57.247,0.0,0.0,0.0,0.87,0.88031,0.88875,0.14
302.0,303.0,304.0,965340900,6.9345,6.9345,6.9345,57.5282,57.247,57.0782,0.0,0.0,0.0,0.88031,0.88875,0.89531,0.14
303.0,304.0,305.0,965341800,6.9345,6.9345,6.9345,57.247,57.0782,57.022,0.0,0.0,0.28105,0.88875,0.89531,0.9,0.14
304.0,305.0,306.0,965342700,6.9345,6.9345,6.9345,57.0782,57.022,57.3314,0.0,0.28105,0.71955,0.89531,0.9,0.9,0.14
305.0,306.0,307.0,965343600,6.9345,6.9345,6.9345,57.022,57.3314,57.5845,0.28105,0.71955,1.41129,0.9,0.9,0.9,0.14
306.0,307.0,308.0,965344500,6.9345,6.9345,6.9345,57.3314,57.5845,57.7814,0.71955,1.41129,2.35626,0.9,0.9,0.9,0.14
307.0,308.0,309.0,965345400,6.9345,6.9345,6.9345,57.5845,57.7814,57.922,1.41129,2.35626,3.55446,0.9,0.9,0.9,0.14
308.0,309.0,310.0,965346300,6.9345,6.9345,6.9345,57.7814,57.922,57.8207,2.35626,3.55446,5.17177,0.9,0.9,0.90281,0.14
309.0,310.0,311.0,965347200,6.9345,6.9345,6.9345,57.922,57.8207,57.787,3.55446,5.17177,6.93173,0.9,0.90281,0.90375,0.14
310.0,311.0,312.0,965348100,6.9345,6.9345,6.9345,57.8207,57.787,57.8207,5.17177,6.93173,8.83432,0.90281,0.90375,0.90281,0.14
311.0,312.0,313.0,965349000,6.9345,6.9345,6.9345,57.787,57.8207,57.922,6.93173,8.83432,10.8795,0.90375,0.90281,0.9,0.14
312.0,313.0,314.0,965349900,6.9345,6.9345,6.9345,57.8207,57.922,57.7364,8.83432,10.8795,12.7192,0.90281,0.9,0.90281,0.14
313.0,314.0,315.0,965350800,6.9345,6.9345,6.9345,57.922,57.7364,57.8545,10.8795,12.7192,14.9336,0.9,0.90281,0.89875,0.14
314.0,315.0,316.0,965351700,6.9345,6.9345,6.9345,57.7364,57.8545,58.2764,12.7192,14.9336,17.5228,0.90281,0.89875,0.88781,0.14
315.0,316.0,317.0,965352600,6.9345,6.9345,6.9345,57.8545,58.2764,59.002,14.9336,17.5228,20.4868,0.89875,0.88781,0.87,0.14
316.0,317.0,318.0,965353500,6.9345,6.9345,6.49411,58.2764,59.002,61.0439,17.5228,20.4868,23.4631,0.88781,0.87,0.82188,0.14
317.0,318.0,319.0,965354400,6.9345,6.49411,6.34731,59.002,61.0439,62.7145,20.4868,23.4631,27.0558,0.87,0.82188,0.7825,0.14
318.0,319.0,320.0,965355300,6.49411,6.34731,6.49411,61.0439,62.7145,64.0139,23.4631,27.0558,31.2651,0.82188,0.7825,0.75188,0.14
319.0,320.0,321.0,965356200,6.34731,6.49411,6.9345,62.7145,64.0139,64.942,27.0558,31.2651,36.0909,0.7825,0.75188,0.73,0.12
320.0,321.0,322.0,965357100,6.49411,6.9345,8.67512,64.0139,64.942,64.8407,31.2651,36.0909,43.6445,0.75188,0.73,0.73281,0.12
321.0,322.0,323.0,965358000,6.9345,8.67512,10.0383,64.942,64.8407,64.807,36.0909,43.6445,50.407,0.73,0.73281,0.73375,0.12
322.0,323.0,324.0,965358900,8.67512,10.0383,11.0239,64.8407,64.807,64.8407,43.6445,50.407,56.3787,0.73281,0.73375,0.73281,0.12
323.0,324.0,325.0,965359800,10.0383,11.0239,11.6321,64.807,64.8407,64.942,50.407,56.3787,61.5593,0.73375,0.73281,0.73,0.12
324.0,325.0,326.0,965360700,11.0239,11.6321,11.4853,64.8407,64.942,65.0264,56.3787,61.5593,65.1995,0.73281,0.73,0.72625,0.12
325.0,326.0,327.0,965361600,11.6321,11.4853,11.2126,64.942,65.0264,65.2345,61.5593,65.1995,68.5484,0.73,0.72625,0.72,0.12
326.0,327.0,328.0,965362500,11.4853,11.2126,10.8142,65.0264,65.2345,65.5664,65.1995,68.5484,71.6061,0.72625,0.72,0.71125,0.12
327.0,328.0,329.0,965363400,11.2126,10.8142,10.2899,65.2345,65.5664,66.022,68.5484,71.6061,74.3725,0.72,0.71125,0.7,0.12
328.0,329.0,330.0,965364300,10.8142,10.2899,9.24134,65.5664,66.022,66.7026,71.6061,74.3725,77.3227,0.71125,0.7,0.68344,0.12
329.0,330.0,331.0,965365200,10.2899,9.24134,8.33259,66.022,66.7026,67.4395,74.3725,77.3227,79.665,0.7,0.68344,0.66625,0.12
330.0,331.0,332.0,965366100,9.24134,8.33259,7.56364,66.7026,67.4395,68.2326,77.3227,79.665,81.3994,0.68344,0.66625,0.64844,0.12
331.0,332.0,333.0,965367000,8.33259,7.56364,6.9345,67.4395,68.2326,69.082,79.665,81.3994,82.5257,0.66625,0.64844,0.63,0.12
332.0,333.0,334.0,965367900,7.56364,6.9345,6.1306,68.2326,69.082,70.3589,81.3994,82.5257,82.4131,0.64844,0.63,0.60344,0.12
333.0,334.0,335.0,965368800,6.9345,6.1306,5.67623,69.082,70.3589,71.4445,82.5257,82.4131,82.1133,0.63,0.60344,0.58125,0.12
334.0,335.0,336.0,965369700,6.1306,5.67623,5.57137,70.3589,71.4445,72.3389,82.4131,82.1133,81.6261,0.60344,0.58125,0.56344,0.12
335.0,336.0,337.0,965370600,5.67623,5.57137,5.81603,71.4445,72.3389,73.042,82.1133,81.6261,80.9517,0.58125,0.56344,0.55,0.12
336.0,337.0,338.0,965371500,5.57137,5.81603,7.45878,72.3389,73.042,73.0645,81.6261,80.9517,80.2969,0.56344,0.55,0.55688,0.12
337.0,338.0,339.0,965372400,5.81603,7.45878,8.75201,73.042,73.0645,73.222,80.9517,80.2969,79.3169,0.55,0.55688,0.5575,0.12
338.0,339.0,340.0,965373300,7.45878,8.75201,9.69572,73.0645,73.222,73.5145,80.2969,79.3169,78.0118,0.55688,0.5575,0.55188,0.12
339.0,340.0,341.0,965374200,8.75201,9.69572,10.2899,73.222,73.5145,73.942,79.3169,78.0118,76.3816,0.5575,0.55188,0.54,0.12
340.0,341.0,342.0,965375100,9.69572,10.2899,9.67475,73.5145,73.942,74.9939,78.0118,76.3816,74.4647,0.55188,0.54,0.50313,0.12
341.0,342.0,343.0,965376000,10.2899,9.67475,9.28329,73.942,74.9939,75.8545,76.3816,74.4647,72.197,0.54,0.50313,0.4725,0.12
342.0,343.0,344.0,965376900,9.67475,9.28329,9.11552,74.9939,75.8545,76.5239,74.4647,72.197,69.5786,0.50313,0.4725,0.44813,0.12
343.0,344.0,345.0,965377800,9.28329,9.11552,9.17144,75.8545,76.5239,77.002,72.197,69.5786,66.6095,0.4725,0.44813,0.43,0.12
344.0,345.0,346.0,965378700,9.11552,9.17144,10.0173,76.5239,77.002,77.1032,69.5786,66.6095,62.7621,0.44813,0.43,0.42188,0.12
345.0,346.0,347.0,965379600,9.17144,10.0173,10.7093,77.002,77.1032,77.137,66.6095,62.7621,58.9157,0.43,0.42188,0.4175,0.12
346.0,347.0,348.0,965380500,10.0173,10.7093,11.2476,77.1032,77.137,77.1032,62.7621,58.9157,55.0704,0.42188,0.4175,0.41688,0.12
347.0,348.0,349.0,965381400,10.7093,11.2476,11.6321,77.137,77.1032,77.002,58.9157,55.0704,51.226,0.4175,0.41688,0.42,0.12
348.0,349.0,350.0,965382300,11.2476,11.6321,11.7579,77.1032,77.002,76.6307,55.0704,51.226,47.4238,0.41688,0.42,0.44094,0.12
349.0,350.0,351.0,965383200,11.6321,11.7579,11.7998,77.002,76.6307,76.327,51.226,47.4238,43.5952,0.42,0.44094,0.45625,0.12
350.0,351.0,352.0,965384100,11.7579,11.7998,11.7579,76.6307,76.327,76.0907,47.4238,43.5952,39.7403,0.44094,0.45625,0.46594,0.12
351.0,352.0,353.0,965385000,11.7998,11.7579,11.6321,76.327,76.0907,75.922,43.5952,39.7403,35.859,0.45625,0.46594,0.47,0.12
352.0,353.0,354.0,965385900,11.7579,11.6321,11.1707,76.0907,75.922,76.192,39.7403,35.859,31.7197,0.46594,0.47,0.45438,0.1279
353.0,354.0,355.0,965386800,11.6321,11.1707,10.7932,75.922,76.192,76.282,35.859,31.7197,27.7085,0.47,0.45438,0.4425,0.1255
354.0,355.0,356.0,965387700,11.1707,10.7932,10.4996,76.192,76.282,76.192,31.7197,27.7085,23.8254,0.45438,0.4425,0.43438,0.1343
355.0,356.0,357.0,965388600,10.7932,10.4996,10.2899,76.282,76.192,75.922,27.7085,23.8254,20.0704,0.4425,0.43438,0.43,0.1313
356.0,357.0,358.0,965389500,10.4996,10.2899,10.2899,76.192,75.922,75.4045,23.8254,20.0704,15.8543,0.43438,0.43,0.4275,0.1341
357.0,358.0,359.0,965390400,10.2899,10.2899,10.2899,75.922,75.4045,74.752,20.0704,15.8543,12.1591,0.43,0.4275,0.43,0.1341
358.0,359.0,360.0,965391300,10.2899,10.2899,10.2899,75.4045,74.752,73.9645,15.8543,12.1591,8.9849,0.4275,0.43,0.4375,0.134
359.0,360.0,361.0,965392200,10.2899,10.2899,10.2899,74.752,73.9645,73.042,12.1591,8.9849,6.33173,0.43,0.4375,0.45,0.1273
360.0,361.0,362.0,965393100,10.2899,10.2899,10.3948,73.9645,73.042,71.5964,8.9849,6.33173,4.56165,0.4375,0.45,0.475,0.1357
361.0,362.0,363.0,965394000,10.2899,10.3948,10.4297,73.042,71.5964,70.2745,6.33173,4.56165,3.07117,0.45,0.475,0.5,0.1345
362.0,363.0,364.0,965394900,10.3948,10.4297,10.3948,71.5964,70.2745,69.0764,4.56165,3.07117,1.8603,0.475,0.5,0.525,0.1373
363.0,364.0,365.0,965395800,10.4297,10.3948,10.2899,70.2745,69.0764,68.002,3.07117,1.8603,0.92903,0.5,0.525,0.55,0.1382
364.0,365.0,366.0,965396700,10.3948,10.2899,9.80058,69.0764,68.002,66.9501,1.8603,0.92903,0.60968,0.525,0.55,0.58156,0.1385
365.0,366.0,367.0,965397600,10.2899,9.80058,9.45106,68.002,66.9501,66.0895,0.92903,0.60968,0.34839,0.55,0.58156,0.60875,0.1386
366.0,367.0,368.0,965398500,9.80058,9.45106,9.24134,66.9501,66.0895,65.4201,0.60968,0.34839,0.14516,0.58156,0.60875,0.63156,0.14
367.0,368.0,369.0,965399400,9.45106,9.24134,9.17144,66.0895,65.4201,64.942,0.34839,0.14516,0.0,0.60875,0.63156,0.65,0.14
368.0,369.0,370.0,965400300,9.24134,9.17144,9.43008,65.4201,64.942,64.942,0.14516,0.0,0.0,0.63156,0.65,0.65844,0.14
369.0,370.0,371.0,965401200,9.17144,9.43008,9.70271,64.942,64.942,64.942,0.0,0.0,0.0,0.65,0.65844,0.66625,0.14
370.0,371.0,372.0,965402100,9.43008,9.70271,9.98932,64.942,64.942,64.942,0.0,0.0,0.0,0.65844,0.66625,0.67344,0.14
371.0,372.0,373.0,965403000,9.70271,9.98932,10.2899,64.942,64.942,64.942,0.0,0.0,0.0,0.66625,0.67344,0.68,0.14
372.0,373.0,374.0,965403900,9.98932,10.2899,10.5416,64.942,64.942,65.1276,0.0,0.0,0.0,0.67344,0.68,0.68406,0.14
373.0,374.0,375.0,965404800,10.2899,10.5416,10.8491,64.942,65.1276,65.1895,0.0,0.0,0.0,0.68,0.68406,0.68875,0.14
374.0,375.0,376.0,965405700,10.5416,10.8491,11.2126,65.1276,65.1895,65.1276,0.0,0.0,0.0,0.68406,0.68875,0.69406,0.14
375.0,376.0,377.0,965406600,10.8491,11.2126,11.6321,65.1895,65.1276,64.942,0.0,0.0,0.0,0.68875,0.69406,0.7,0.14
376.0,377.0,378.0,965407500,11.2126,11.6321,12.9463,65.1276,64.942,64.3457,0.0,0.0,0.0,0.69406,0.7,0.70844,0.14
377.0,378.0,379.0,965408400,11.6321,12.9463,13.7572,64.942,64.3457,63.817,0.0,0.0,0.0,0.7,0.70844,0.71625,0.14
378.0,379.0,380.0,965409300,12.9463,13.7572,14.0647,64.3457,63.817,63.3557,0.0,0.0,0.0,0.70844,0.71625,0.72344,0.14
379.0,380.0,381.0,965410200,13.7572,14.0647,13.869,63.817,63.3557,62.962,0.0,0.0,0.0,0.71625,0.72344,0.73,0.14
380.0,381.0,382.0,965411100,14.0647,13.869,11.8697,63.3557,62.962,62.8382,0.0,0.0,0.0,0.72344,0.73,0.73125,0.14
381.0,382.0,383.0,965412000,13.869,11.8697,10.234,62.962,62.8382,62.647,0.0,0.0,0.0,0.73,0.73125,0.735,0.14
382.0,383.0,384.0,965412900,11.8697,10.234,8.96173,62.8382,62.647,62.3882,0.0,0.0,0.0,0.73125,0.735,0.74125,0.14
383.0,384.0,385.0,965413800,10.234,8.96173,8.05297,62.647,62.3882,62.062,0.0,0.0,0.0,0.735,0.74125,0.75,0.14
384.0,385.0,386.0,965414700,8.96173,8.05297,8.26268,62.3882,62.062,61.3814,0.0,0.0,0.0,0.74125,0.75,0.77063,0.14
385.0,386.0,387.0,965415600,8.05297,8.26268,8.33259,62.062,61.3814,60.8245,0.0,0.0,0.0,0.75,0.77063,0.7875,0.14
386.0,387.0,388.0,965416500,8.26268,8.33259,8.26268,61.3814,60.8245,60.3914,0.0,0.0,0.0,0.77063,0.7875,0.80063,0.14
387.0,388.0,389.0,965417400,8.33259,8.26268,8.05297,60.8245,60.3914,60.082,0.0,0.0,0.0,0.7875,0.80063,0.81,0.14
388.0,389.0,390.0,965418300,8.26268,8.05297,7.28402,60.3914,60.082,60.3689,0.0,0.0,0.0,0.80063,0.81,0.80156,0.14
389.0,390.0,391.0,965419200,8.05297,7.28402,6.65489,60.082,60.3689,60.4645,0.0,0.0,0.0,0.81,0.80156,0.79875,0.14
390.0,391.0,392.0,965420100,7.28402,6.65489,6.16556,60.3689,60.4645,60.3689,0.0,0.0,0.0,0.80156,0.79875,0.80156,0.14
391.0,392.0,393.0,965421000,6.65489,6.16556,5.81603,60.4645,60.3689,60.082,0.0,0.0,0.0,0.79875,0.80156,0.81,0.14
392.0,393.0,394.0,965421900,6.16556,5.81603,6.36129,60.3689,60.082,59.1314,0.0,0.0,0.0,0.80156,0.81,0.83813,0.16
393.0,394.0,395.0,965422800,5.81603,6.36129,6.54304,60.082,59.1314,58.3045,0.0,0.0,0.0,0.81,0.83813,0.8625,0.14
394.0,395.0,396.0,965423700,6.36129,6.54304,6.36129,59.1314,58.3045,57.6014,0.0,0.0,0.0,0.83813,0.8625,0.88313,0.14
395.0,396.0,397.0,965424600,6.54304,6.36129,5.81603,58.3045,57.6014,57.022,0.0,0.0,0.0,0.8625,0.88313,0.9,0.14
396.0,397.0,398.0,965425500,6.36129,5.81603,3.06181,57.6014,57.022,56.5495,0.0,0.0,0.0,0.88313,0.9,0.90656,0.16
397.0,398.0,399.0,965426400,5.81603,3.06181,1.17439,57.022,56.5495,56.212,0.0,0.0,0.0,0.9,0.90656,0.91375,0.3
398.0,399.0,400.0,965427300,3.06181,1.17439,0.15379,56.5495,56.212,56.0095,0.0,0.0,0.0,0.90656,0.91375,0.92156,0.3
399.0,400.0,401.0,965428200,1.17439,0.15379,0.0,56.212,56.0095,55.942,0.0,0.0,0.27961,0.91375,0.92156,0.93,0.3
400.0,401.0,402.0,965429100,0.15379,0.0,2.97792,56.0095,55.942,56.1276,0.0,0.27961,0.69717,0.92156,0.93,0.95031,0.3
401.0,402.0,403.0,965430000,0.0,2.97792,5.31272,55.942,56.1276,56.3695,0.27961,0.69717,1.39615,0.93,0.95031,0.96375,0.3
402.0,403.0,404.0,965430900,2.97792,5.31272,7.00441,56.1276,56.3695,56.6676,0.69717,1.39615,2.37654,0.95031,0.96375,0.97031,0.16
403.0,404.0,405.0,965431800,5.31272,7.00441,8.05297,56.3695,56.6676,57.022,1.39615,2.37654,3.63836,0.96375,0.97031,0.97,0.14
404.0,405.0,406.0,965432700,7.00441,8.05297,6.96945,56.6676,57.022,57.1457,2.37654,3.63836,4.33084,0.97031,0.97,0.95906,0.14
405.0,406.0,407.0,965433600,8.05297,6.96945,6.23546,57.022,57.1457,57.517,3.63836,4.33084,5.87192,0.97,0.95906,0.94375,0.14
406.0,407.0,408.0,965434500,6.96945,6.23546,5.85099,57.1457,57.517,58.1357,4.33084,5.87192,8.26158,0.95906,0.94375,0.92406,0.14
407.0,408.0,409.0,965435400,6.23546,5.85099,5.81603,57.517,58.1357,59.002,5.87192,8.26158,11.4998,0.94375,0.92406,0.9,0.14
408.0,409.0,410.0,965436300,5.85099,5.81603,7.28402,58.1357,59.002,60.8582,8.26158,11.4998,17.3405,0.92406,0.9,0.8575,0.14
409.0,410.0,411.0,965437200,5.81603,7.28402,8.33259,59.002,60.8582,62.467,11.4998,17.3405,22.8605,0.9,0.8575,0.82,0.14
410.0,411.0,412.0,965438100,7.28402,8.33259,8.96173,60.8582,62.467,63.8282,17.3405,22.8605,28.06,0.8575,0.82,0.7875,0.12
411.0,412.0,413.0,965439000,8.33259,8.96173,9.17144,62.467,63.8282,64.942,22.8605,28.06,32.9388,0.82,0.7875,0.76,0.12
412.0,413.0,414.0,965439900,8.96173,9.17144,7.70345,63.8282,64.942,65.5214,28.06,32.9388,37.2221,0.7875,0.76,0.74125,0.12
413.0,414.0,415.0,965440800,9.17144,7.70345,6.65489,64.942,65.5214,66.0445,32.9388,37.2221,41.3681,0.76,0.74125,0.725,0.12
414.0,415.0,416.0,965441700,7.70345,6.65489,6.02575,65.5214,66.0445,66.5114,37.2221,41.3681,45.3768,0.74125,0.725,0.71125,0.12
415.0,416.0,417.0,965442600,6.65489,6.02575,5.81603,66.0445,66.5114,66.922,41.3681,45.3768,49.2481,0.725,0.71125,0.7,0.12
416.0,417.0,418.0,965443500,6.02575,5.81603,6.96945,66.5114,66.922,67.1076,45.3768,49.2481,53.0986,0.71125,0.7,0.69688,0.12
417.0,418.0,419.0,965444400,5.81603,6.96945,7.91316,66.922,67.1076,67.3495,49.2481,53.0986,56.7342,0.7,0.69688,0.6925,0.12
418.0,419.0,420.0,965445300,6.96945,7.91316,8.64716,67.1076,67.3495,67.6476,53.0986,56.7342,60.1549,0.69688,0.6925,0.68688,0.12
419.0,420.0,421.0,965446200,7.91316,8.64716,9.17144,67.3495,67.6476,68.002,56.7342,60.1549,63.3607,0.6925,0.68688,0.68,0.12
420.0,421.0,422.0,965447100,8.64716,9.17144,9.2763,67.6476,68.002,68.3114,60.1549,63.3607,66.2901,0.68688,0.68,0.67375,0.12
421.0,422.0,423.0,965448000,9.17144,9.2763,9.31125,68.002,68.3114,68.7445,63.3607,66.2901,69.0456,0.68,0.67375,0.665,0.12
422.0,423.0,424.0,965448900,9.2763,9.31125,9.2763,68.3114,68.7445,69.3014,66.2901,69.0456,71.6272,0.67375,0.665,0.65375,0.12
423.0,424.0,425.0,965449800,9.31125,9.2763,9.17144,68.7445,69.3014,69.982,69.0456,71.6272,74.0349,0.665,0.65375,0.64,0.12
424.0,425.0,426.0,965450700,9.2763,9.17144,8.68211,69.3014,69.982,71.242,71.6272,74.0349,76.8766,0.65375,0.64,0.61438,0.12
425.0,426.0,427.0,965451600,9.17144,8.68211,8.33259,69.982,71.242,72.322,74.0349,76.8766,79.1391,0.64,0.61438,0.5925,0.12
426.0,427.0,428.0,965452500,8.68211,8.33259,8.12287,71.242,72.322,73.222,76.8766,79.1391,80.8225,0.61438,0.5925,0.57438,0.12
427.0,428.0,429.0,965453400,8.33259,8.12287,8.05297,72.322,73.222,73.942,79.1391,80.8225,81.9268,0.5925,0.57438,0.56,0.12
428.0,429.0,430.0,965454300,8.12287,8.05297,8.5423,73.222,73.942,74.0264,80.8225,81.9268,81.8707,0.57438,0.56,0.55688,0.12
429.0,430.0,431.0,965455200,8.05297,8.5423,8.89182,73.942,74.0264,74.2345,81.9268,81.8707,81.6229,0.56,0.55688,0.5525,0.12
430.0,431.0,432.0,965456100,8.5423,8.89182,9.10153,74.0264,74.2345,74.5664,81.8707,81.6229,81.1836,0.55688,0.5525,0.54688,0.12
431.0,432.0,433.0,965457000,8.89182,9.10153,9.17144,74.2345,74.5664,75.022,81.6229,81.1836,80.5526,0.5525,0.54688,0.54,0.12
432.0,433.0,434.0,965457900,9.10153,9.17144,8.57725,74.5664,75.022,75.8039,81.1836,80.5526,79.8844,0.54688,0.54,0.53188,0.12
433.0,434.0,435.0,965458800,9.17144,8.57725,8.19278,75.022,75.8039,76.5745,80.5526,79.8844,78.9218,0.54,0.53188,0.5225,0.12
434.0,435.0,436.0,965459700,8.57725,8.19278,8.01802,75.8039,76.5745,77.3339,79.8844,78.9218,77.6646,0.53188,0.5225,0.51188,0.12
435.0,436.0,437.0,965460600,8.19278,8.01802,8.05297,76.5745,77.3339,78.082,78.9218,77.6646,76.113,0.5225,0.51188,0.5,0.12
436.0,437.0,438.0,965461500,8.01802,8.05297,8.92677,77.3339,78.082,78.9707,77.6646,76.113,74.4108,0.51188,0.5,0.48594,0.12
437.0,438.0,439.0,965462400,8.05297,8.92677,9.59086,78.082,78.9707,79.747,76.113,74.4108,72.3182,0.5,0.48594,0.47125,0.12
438.0,439.0,440.0,965463300,8.92677,9.59086,10.0452,78.9707,79.747,80.4107,74.4108,72.3182,69.8352,0.48594,0.47125,0.45594,0.12
439.0,440.0,441.0,965464200,9.59086,10.0452,10.2899,79.747,80.4107,80.962,72.3182,69.8352,66.9617,0.47125,0.45594,0.44,0.12
440.0,441.0,442.0,965465100,10.0452,10.2899,9.90543,80.4107,80.962,81.4345,69.8352,66.9617,63.1593,0.45594,0.44,0.41219,0.12
441.0,442.0,443.0,965466000,10.2899,9.90543,9.59086,80.962,81.4345,81.772,66.9617,63.1593,59.3254,0.44,0.41219,0.39125,0.12
442.0,443.0,444.0,965466900,9.90543,9.59086,9.3462,81.4345,81.772,81.9745,63.1593,59.3254,55.4602,0.41219,0.39125,0.37719,0.12
443.0,444.0,445.0,965467800,9.59086,9.3462,9.17144,81.772,81.9745,82.042,59.3254,55.4602,51.5636,0.39125,0.37719,0.37,0.12
444.0,445.0,446.0,965468700,9.3462,9.17144,9.06658,81.9745,82.042,81.8564,55.4602,51.5636,47.6199,0.37719,0.37,0.38094,0.12
445.0,446.0,447.0,965469600,9.17144,9.06658,9.03163,82.042,81.8564,81.6145,51.5636,47.6199,43.6553,0.37,0.38094,0.39125,0.12
446.0,447.0,448.0,965470500,9.06658,9.03163,9.06658,81.8564,81.6145,81.3164,47.6199,43.6553,39.6699,0.38094,0.39125,0.40094,0.12
447.0,448.0,449.0,965471400,9.03163,9.06658,9.17144,81.6145,81.3164,80.962,43.6553,39.6699,35.6636,0.39125,0.40094,0.41,0.12
448.0,449.0,450.0,965472300,9.06658,9.17144,9.55591,81.3164,80.962,80.6526,39.6699,35.6636,31.3531,0.40094,0.41,0.41469,0.12
449.0,450.0,451.0,965473200,9.17144,9.55591,9.87048,80.962,80.6526,80.2195,35.6636,31.3531,27.2106,0.41,0.41469,0.42125,0.12
450.0,451.0,452.0,965474100,9.55591,9.87048,10.1151,80.6526,80.2195,79.6626,31.3531,27.2106,23.2362,0.41469,0.42125,0.42969,0.12
451.0,452.0,453.0,965475000,9.87048,10.1151,10.2899,80.2195,79.6626,78.982,27.2106,23.2362,19.4298,0.42125,0.42969,0.44,0.1398
452.0,453.0,454.0,965475900,10.1151,10.2899,10.1641,79.6626,78.982,78.1776,23.2362,19.4298,15.2554,0.42969,0.44,0.45219,0.1399
453.0,454.0,455.0,965476800,10.2899,10.1641,10.1221,78.982,78.1776,77.2495,19.4298,15.2554,11.6064,0.44,0.45219,0.46625,0.12
454.0,455.0,456.0,965477700,10.1641,10.1221,10.1641,78.1776,77.2495,76.1976,15.2554,11.6064,8.48262,0.45219,0.46625,0.48219,0.14
455.0,456.0,457.0,965478600,10.1221,10.1641,10.2899,77.2495,76.1976,75.022,11.6064,8.48262,5.88415,0.46625,0.48219,0.5,0.1399
456.0,457.0,458.0,965479500,10.1641,10.2899,10.6464,76.1976,75.022,72.9801,8.48262,5.88415,4.18664,0.48219,0.5,0.53281,0.14
457.0,458.0,459.0,965480400,10.2899,10.6464,10.9889,75.022,72.9801,71.3095,5.88415,4.18664,2.76398,0.5,0.53281,0.55875,0.14
458.0,459.0,460.0,965481300,10.6464,10.9889,11.3175,72.9801,71.3095,70.0101,4.18664,2.76398,1.61617,0.53281,0.55875,0.57781,0.14
459.0,460.0,461.0,965482200,10.9889,11.3175,11.6321,71.3095,70.0101,69.082,2.76398,1.61617,0.74322,0.55875,0.57781,0.59,0.14
460.0,461.0,462.0,965483100,11.3175,11.6321,11.702,70.0101,69.082,69.2845,1.61617,0.74322,0.48774,0.57781,0.59,0.58125,0.1402
461.0,462.0,463.0,965484000,11.6321,11.702,11.9117,69.082,69.2845,69.352,0.74322,0.48774,0.27871,0.59,0.58125,0.575,0.1402
462.0,463.0,464.0,965484900,11.702,11.9117,12.2612,69.2845,69.352,69.2845,0.48774,0.27871,0.11613,0.58125,0.575,0.57125,0.1402
463.0,464.0,465.0,965485800,11.9117,12.2612,12.7505,69.352,69.2845,69.082,0.27871,0.11613,0.0,0.575,0.57125,0.57,0.1402
464.0,465.0,466.0,965486700,12.2612,12.7505,14.2185,69.2845,69.082,68.5251,0.11613,0.0,0.0,0.57125,0.57,0.57313,0.1402
465.0,466.0,467.0,965487600,12.7505,14.2185,15.2671,69.082,68.5251,67.9795,0.0,0.0,0.0,0.57,0.57313,0.5775,0.1402
466.0,467.0,468.0,965488500,14.2185,15.2671,15.8962,68.5251,67.9795,67.4451,0.0,0.0,0.0,0.57313,0.5775,0.58313,0.14
467.0,468.0,469.0,965489400,15.2671,15.8962,16.1059,67.9795,67.4451,66.922,0.0,0.0,0.0,0.5775,0.58313,0.59,0.14
468.0,469.0,470.0,965490300,15.8962,16.1059,15.1832,67.4451,66.922,66.427,0.0,0.0,0.0,0.58313,0.59,0.59906,0.14
469.0,470.0,471.0,965491200,16.1059,15.1832,14.3164,66.922,66.427,65.932,0.0,0.0,0.0,0.59,0.59906,0.60875,0.14
470.0,471.0,472.0,965492100,15.1832,14.3164,13.5055,66.427,65.932,65.437,0.0,0.0,0.0,0.59906,0.60875,0.61906,0.14
471.0,472.0,473.0,965493000,14.3164,13.5055,12.7505,65.932,65.437,64.942,0.0,0.0,0.0,0.60875,0.61906,0.63,0.14
472.0,473.0,474.0,965493900,13.5055,12.7505,11.7789,65.437,64.942,64.3457,0.0,0.0,0.0,0.61906,0.63,0.64813,0.14
473.0,474.0,475.0,965494800,12.7505,11.7789,11.0449,64.942,64.3457,63.817,0.0,0.0,0.0,0.63,0.64813,0.6625,0.14
474.0,475.0,476.0,965495700,11.7789,11.0449,10.5486,64.3457,63.817,63.3557,0.0,0.0,0.0,0.64813,0.6625,0.67313,0.14
475.0,476.0,477.0,965496600,11.0449,10.5486,10.2899,63.817,63.3557,62.962,0.0,0.0,0.0,0.6625,0.67313,0.68,0.14
476.0,477.0,478.0,965497500,10.5486,10.2899,10.7513,63.3557,62.962,62.7539,0.0,0.0,0.0,0.67313,0.68,0.67375,0.14
477.0,478.0,479.0,965498400,10.2899,10.7513,11.1288,62.962,62.7539,62.5345,0.0,0.0,0.0,0.68,0.67375,0.67,0.14
478.0,479.0,480.0,965499300,10.7513,11.1288,11.4224,62.7539,62.5345,62.3039,0.0,0.0,0.0,0.67375,0.67,0.66875,0.14
479.0,480.0,481.0,965500200,11.1288,11.4224,11.6321,62.5345,62.3039,62.062,0.0,0.0,0.0,0.67,0.66875,0.67,0.14
480.0,481.0,482.0,965501100,11.4224,11.6321,11.5272,62.3039,62.062,61.6907,0.0,0.0,0.0,0.66875,0.67,0.68031,0.14
481.0,482.0,483.0,965502000,11.6321,11.5272,11.4923,62.062,61.6907,61.387,0.0,0.0,0.0,0.67,0.68031,0.68875,0.14
482.0,483.0,484.0,965502900,11.5272,11.4923,11.5272,61.6907,61.387,61.1507,0.0,0.0,0.0,0.68031,0.68875,0.69531,0.14
483.0,484.0,485.0,965503800,11.4923,11.5272,11.6321,61.387,61.1507,60.982,0.0,0.0,0.0,0.68875,0.69531,0.7,0.14
484.0,485.0,486.0,965504700,11.5272,11.6321,12.0165,61.1507,60.982,60.982,0.0,0.0,0.0,0.69531,0.7,0.70281,0.14
485.0,486.0,487.0,965505600,11.6321,12.0165,12.3311,60.982,60.982,60.982,0.0,0.0,0.0,0.7,0.70281,0.70375,0.14
486.0,487.0,488.0,965506500,12.0165,12.3311,12.5758,60.982,60.982,60.982,0.0,0.0,0.0,0.70281,0.70375,0.70281,0.14
487.0,488.0,489.0,965507400,12.3311,12.5758,12.7505,60.982,60.982,60.982,0.0,0.0,0.0,0.70375,0.70281,0.7,0.14
488.0,489.0,490.0,965508300,12.5758,12.7505,13.2958,60.982,60.982,61.0664,0.0,0.0,0.0,0.70281,0.7,0.68688,0.14
489.0,490.0,491.0,965509200,12.7505,13.2958,13.4775,60.982,61.0664,61.0945,0.0,0.0,0.0,0.7,0.68688,0.6775,0.14
490.0,491.0,492.0,965510100,13.2958,13.4775,13.2958,61.0664,61.0945,61.0664,0.0,0.0,0.0,0.68688,0.6775,0.67188,0.14
491.0,492.0,493.0,965511000,13.4775,13.2958,12.7505,61.0945,61.0664,60.982,0.0,0.0,0.0,0.6775,0.67188,0.67,0.14
492.0,493.0,494.0,965511900,13.2958,12.7505,10.7513,61.0664,60.982,60.487,0.0,0.0,0.0,0.67188,0.67,0.68313,0.14
493.0,494.0,495.0,965512800,12.7505,10.7513,9.11552,60.982,60.487,60.172,0.0,0.0,0.0,0.67,0.68313,0.6925,0.14
494.0,495.0,496.0,965513700,10.7513,9.11552,7.84326,60.487,60.172,60.037,0.0,0.0,0.0,0.68313,0.6925,0.69813,0.14
495.0,496.0,497.0,965514600,9.11552,7.84326,6.9345,60.172,60.037,60.082,0.0,0.0,0.27894,0.6925,0.69813,0.7,0.14
496.0,497.0,498.0,965515500,7.84326,6.9345,6.72479,60.037,60.082,60.4926,0.0,0.27894,1.2301,0.69813,0.7,0.69531,0.14
497.0,498.0,499.0,965516400,6.9345,6.72479,6.65489,60.082,60.4926,60.9595,0.27894,1.2301,2.57412,0.7,0.69531,0.68875,0.14
498.0,499.0,500.0,965517300,6.72479,6.65489,6.72479,60.4926,60.9595,61.4826,1.2301,2.57412,4.311,0.69531,0.68875,0.68031,0.14
499.0,500.0,501.0,965518200,6.65489,6.72479,6.9345,60.9595,61.4826,62.062,2.57412,4.311,6.44076,0.68875,0.68031,0.67,0.14
500.0,501.0,502.0,965519100,6.72479,6.9345,7.70345,61.4826,62.062,62.8664,4.311,6.44076,9.64495,0.68031,0.67,0.65313,0.14
501.0,502.0,503.0,965520000,6.9345,7.70345,8.33259,62.062,62.8664,63.6145,6.44076,9.64495,12.7876,0.67,0.65313,0.6375,0.14
502.0,503.0,504.0,965520900,7.70345,8.33259,8.82192,62.8664,63.6145,64.3064,9.64495,12.7876,15.8688,0.65313,0.6375,0.62313,0.12
503.0,504.0,505.0,965521800,8.33259,8.82192,9.17144,63.6145,64.3064,64.942,12.7876,15.8688,18.8884,0.6375,0.62313,0.61,0.12
504.0,505.0,506.0,965522700,8.82192,9.17144,8.8359,64.3064,64.942,65.2345,15.8688,18.8884,21.2661,0.62313,0.61,0.60188,0.12
505.0,506.0,507.0,965523600,9.17144,8.8359,8.72405,64.942,65.2345,65.662,18.8884,21.2661,23.9692,0.61,0.60188,0.5925,0.12
506.0,507.0,508.0,965524500,8.8359,8.72405,8.8359,65.2345,65.662,66.2245,21.2661,23.9692,26.9978,0.60188,0.5925,0.58188,0.12
507.0,508.0,509.0,965525400,8.72405,8.8359,9.17144,65.662,66.2245,66.922,23.9692,26.9978,30.352,0.5925,0.58188,0.57,0.12
508.0,509.0,510.0,965526300,8.8359,9.17144,10.6324,66.2245,66.922,68.0751,26.9978,30.352,34.563,0.58188,0.57,0.55219,0.1212
509.0,510.0,511.0,965527200,9.17144,10.6324,11.716,66.922,68.0751,69.1495,30.352,34.563,38.7453,0.57,0.55219,0.53625,0.1226
510.0,511.0,512.0,965528100,10.6324,11.716,12.422,68.0751,69.1495,70.1451,34.563,38.7453,42.8989,0.55219,0.53625,0.52219,0.1214
511.0,512.0,513.0,965529000,11.716,12.422,12.7505,69.1495,70.1451,71.062,38.7453,42.8989,47.0236,0.53625,0.52219,0.51,0.12
512.0,513.0,514.0,965529900,12.422,12.7505,12.0096,70.1451,71.062,71.9507,42.8989,47.0236,51.6486,0.52219,0.51,0.49969,0.122
513.0,514.0,515.0,965530800,12.7505,12.0096,11.3525,71.062,71.9507,72.727,47.0236,51.6486,55.8922,0.51,0.49969,0.49125,0.12
514.0,515.0,516.0,965531700,12.0096,11.3525,10.7792,71.9507,72.727,73.3907,51.6486,55.8922,59.7542,0.49969,0.49125,0.48469,0.12
515.0,516.0,517.0,965532600,11.3525,10.7792,10.2899,72.727,73.3907,73.942,55.8922,59.7542,63.2348,0.49125,0.48469,0.48,0.12
516.0,517.0,518.0,965533500,10.7792,10.2899,9.67475,73.3907,73.942,74.1276,59.7542,63.2348,66.0051,0.48469,0.48,0.48094,0.12
517.0,518.0,519.0,965534400,10.2899,9.67475,9.28329,73.942,74.1276,74.3695,63.2348,66.0051,68.613,0.48,0.48094,0.48125,0.12
518.0,519.0,520.0,965535300,9.67475,9.28329,9.11552,74.1276,74.3695,74.6676,66.0051,68.613,71.0586,0.48094,0.48125,0.48094,0.12
519.0,520.0,521.0,965536200,9.28329,9.11552,9.17144,74.3695,74.6676,75.022,68.613,71.0586,73.3419,0.48125,0.48094,0.48,0.12
520.0,521.0,522.0,965537100,9.11552,9.17144,9.91242,74.6676,75.022,75.517,71.0586,73.3419,76.0418,0.48094,0.48,0.48125,0.12
521.0,522.0,523.0,965538000,9.17144,9.91242,10.5695,75.022,75.517,76.012,73.3419,76.0418,78.1934,0.48,0.48125,0.48,0.12
522.0,523.0,524.0,965538900,9.91242,10.5695,11.1427,75.517,76.012,76.507,76.0418,78.1934,79.7968,0.48125,0.48,0.47625,0.12
523.0,524.0,525.0,965539800,10.5695,11.1427,11.6321,76.012,76.507,77.002,78.1934,79.7968,80.8518,0.48,0.47625,0.47,0.12
524.0,525.0,526.0,965540700,11.1427,11.6321,12.0165,76.507,77.002,77.3957,79.7968,80.8518,80.8859,0.47625,0.47,0.45375,0.12
525.0,526.0,527.0,965541600,11.6321,12.0165,12.3311,77.002,77.3957,77.857,80.8518,80.8859,80.6869,0.47,0.45375,0.44,0.12
526.0,527.0,528.0,965542500,12.0165,12.3311,12.5758,77.3957,77.857,78.3857,80.8859,80.6869,80.2547,0.45375,0.44,0.42875,0.12
527.0,528.0,529.0,965543400,12.3311,12.5758,12.7505,77.857,78.3857,78.982,80.6869,80.2547,79.5894,0.44,0.42875,0.42,0.12
528.0,529.0,530.0,965544300,12.5758,12.7505,12.8554,78.3857,78.982,79.8482,80.2547,79.5894,78.7565,0.42875,0.42,0.4175,0.12
529.0,530.0,531.0,965545200,12.7505,12.8554,12.8903,78.982,79.8482,80.647,79.5894,78.7565,77.6468,0.42,0.4175,0.415,0.12
530.0,531.0,532.0,965546100,12.8554,12.8903,12.8554,79.8482,80.647,81.3782,78.7565,77.6468,76.2602,0.4175,0.415,0.4125,0.12
531.0,532.0,533.0,965547000,12.8903,12.8554,12.7505,80.647,81.3782,82.042,77.6468,76.2602,74.5966,0.415,0.4125,0.41,0.12
532.0,533.0,534.0,965547900,12.8554,12.7505,12.3661,81.3782,82.042,82.8239,76.2602,74.5966,72.7669,0.4125,0.41,0.40563,0.12
533.0,534.0,535.0,965548800,12.7505,12.3661,12.0515,82.042,82.8239,83.4145,74.5966,72.7669,70.5864,0.41,0.40563,0.4025,0.12
534.0,535.0,536.0,965549700,12.3661,12.0515,11.8068,82.8239,83.4145,83.8139,72.7669,70.5864,68.0553,0.40563,0.4025,0.40063,0.12
535.0,536.0,537.0,965550600,12.0515,11.8068,11.6321,83.4145,83.8139,84.022,70.5864,68.0553,65.1735,0.4025,0.40063,0.4,0.12
536.0,537.0,538.0,965551500,11.8068,11.6321,11.7579,83.8139,84.022,83.7351,68.0553,65.1735,61.4965,0.40063,0.4,0.40156,0.12
537.0,538.0,539.0,965552400,11.6321,11.7579,11.7998,84.022,83.7351,83.4595,65.1735,61.4965,57.7652,0.4,0.40156,0.40375,0.12
538.0,539.0,540.0,965553300,11.7579,11.7998,11.7579,83.7351,83.4595,83.1951,61.4965,57.7652,53.9793,0.40156,0.40375,0.40656,0.12
539.0,540.0,541.0,965554200,11.7998,11.7579,11.6321,83.4595,83.1951,82.942,57.7652,53.9793,50.1391,0.40375,0.40656,0.41,0.12
540.0,541.0,542.0,965555100,11.7579,11.6321,11.0449,83.1951,82.942,82.8182,53.9793,50.1391,46.1578,0.40656,0.41,0.415,0.12
541.0,542.0,543.0,965556000,11.6321,11.0449,10.6254,82.942,82.8182,82.627,50.1391,46.1578,42.1797,0.41,0.415,0.42,0.12
542.0,543.0,544.0,965556900,11.0449,10.6254,10.3738,82.8182,82.627,82.3682,46.1578,42.1797,38.2049,0.415,0.42,0.425,0.12
543.0,544.0,545.0,965557800,10.6254,10.3738,10.2899,82.627,82.3682,82.042,42.1797,38.2049,34.2334,0.42,0.425,0.43,0.12
544.0,545.0,546.0,965558700,10.3738,10.2899,10.7513,82.3682,82.042,81.547,38.2049,34.2334,29.9381,0.425,0.43,0.43688,0.1283
545.0,546.0,547.0,965559600,10.2899,10.7513,11.1288,82.042,81.547,81.052,34.2334,29.9381,25.8641,0.43,0.43688,0.4425,0.1278
546.0,547.0,548.0,965560500,10.7513,11.1288,11.4224,81.547,81.052,80.557,29.9381,25.8641,22.0114,0.43688,0.4425,0.44688,0.12
547.0,548.0,549.0,965561400,11.1288,11.4224,11.6321,81.052,80.557,80.062,25.8641,22.0114,18.3801,0.4425,0.44688,0.45,0.1282
548.0,549.0,550.0,965562300,11.4224,11.6321,11.6321,80.557,80.062,79.6682,22.0114,18.3801,14.6383,0.44688,0.45,0.44531,0.1305
549.0,550.0,551.0,965563200,11.6321,11.6321,11.6321,80.062,79.6682,79.207,18.3801,14.6383,11.339,0.45,0.44531,0.44375,0.1304
550.0,551.0,552.0,965564100,11.6321,11.6321,11.6321,79.6682,79.207,78.6782,14.6383,11.339,8.48221,0.44531,0.44375,0.44531,0.1306
551.0,552.0,553.0,965565000,11.6321,11.6321,11.6321,79.207,78.6782,78.082,11.339,8.48221,6.06796,0.44375,0.44531,0.45,0.1305
552.0,553.0,554.0,965565900,11.6321,11.6321,11.6321,78.6782,78.082,77.2157,8.48221,6.06796,4.34791,0.44531,0.45,0.46719,0.1304
553.0,554.0,555.0,965566800,11.6321,11.6321,11.6321,78.082,77.2157,76.417,6.06796,4.34791,2.90258,0.45,0.46719,0.48125,0.1303
554.0,555.0,556.0,965567700,11.6321,11.6321,11.6321,77.2157,76.417,75.6857,4.34791,2.90258,1.73199,0.46719,0.48125,0.49219,0.1315
555.0,556.0,557.0,965568600,11.6321,11.6321,11.6321,76.417,75.6857,75.022,2.90258,1.73199,0.83613,0.48125,0.49219,0.5,0.1346
556.0,557.0,558.0,965569500,11.6321,11.6321,11.2126,75.6857,75.022,74.527,1.73199,0.83613,0.54871,0.49219,0.5,0.50094,0.1358
557.0,558.0,559.0,965570400,11.6321,11.2126,11.0728,75.022,74.527,74.032,0.83613,0.54871,0.31355,0.5,0.50094,0.50125,0.1366
558.0,559.0,560.0,965571300,11.2126,11.0728,11.2126,74.527,74.032,73.537,0.54871,0.31355,0.13065,0.50094,0.50125,0.50094,0.1378
559.0,560.0,561.0,965572200,11.0728,11.2126,11.6321,74.032,73.537,73.042,0.31355,0.13065,0.0,0.50125,0.50094,0.5,0.1392
560.0,561.0,562.0,965573100,11.2126,11.6321,13.7152,73.537,73.042,72.6482,0.13065,0.0,0.0,0.50094,0.5,0.49281,0.14
561.0,562.0,563.0,965574000,11.6321,13.7152,15.1552,73.042,72.6482,72.187,0.0,0.0,0.0,0.5,0.49281,0.48875,0.14
562.0,563.0,564.0,965574900,13.7152,15.1552,15.9522,72.6482,72.187,71.6582,0.0,0.0,0.0,0.49281,0.48875,0.48781,0.14
563.0,564.0,565.0,965575800,15.1552,15.9522,16.1059,72.187,71.6582,71.062,0.0,0.0,0.0,0.48875,0.48781,0.49,0.14
564.0,565.0,566.0,965576700,15.9522,16.1059,14.1067,71.6582,71.062,70.1114,0.0,0.0,0.0,0.48781,0.49,0.50188,0.14
565.0,566.0,567.0,965577600,16.1059,14.1067,12.4709,71.062,70.1114,69.2845,0.0,0.0,0.0,0.49,0.50188,0.5125,0.14
566.0,567.0,568.0,965578500,14.1067,12.4709,11.1987,70.1114,69.2845,68.5814,0.0,0.0,0.0,0.50188,0.5125,0.52188,0.14
567.0,568.0,569.0,965579400,12.4709,11.1987,10.2899,69.2845,68.5814,68.002,0.0,0.0,0.0,0.5125,0.52188,0.53,0.14
568.0,569.0,570.0,965580300,11.1987,10.2899,10.0592,68.5814,68.002,67.6307,0.0,0.0,0.0,0.52188,0.53,0.53688,0.14
569.0,570.0,571.0,965581200,10.2899,10.0592,9.98233,68.002,67.6307,67.327,0.0,0.0,0.0,0.53,0.53688,0.5425,0.14
570.0,571.0,572.0,965582100,10.0592,9.98233,10.0592,67.6307,67.327,67.0907,0.0,0.0,0.0,0.53688,0.5425,0.54688,0.14
571.0,572.0,573.0,965583000,9.98233,10.0592,10.2899,67.327,67.0907,66.922,0.0,0.0,0.0,0.5425,0.54688,0.55,0.14
572.0,573.0,574.0,965583900,10.0592,10.2899,11.7859,67.0907,66.922,67.2932,0.0,0.0,0.0,0.54688,0.55,0.5425,0.14
573.0,574.0,575.0,965584800,10.2899,11.7859,12.6946,66.922,67.2932,67.417,0.0,0.0,0.0,0.55,0.5425,0.54,0.14
574.0,575.0,576.0,965585700,11.7859,12.6946,13.0162,67.2932,67.417,67.2932,0.0,0.0,0.0,0.5425,0.54,0.5425,0.14
575.0,576.0,577.0,965586600,12.6946,13.0162,12.7505,67.417,67.2932,66.922,0.0,0.0,0.0,0.54,0.5425,0.55,0.14
576.0,577.0,578.0,965587500,13.0162,12.7505,9.94738,67.2932,66.922,65.3751,0.0,0.0,0.0,0.5425,0.55,0.58125,0.14
577.0,578.0,579.0,965588400,12.7505,9.94738,7.85724,66.922,65.3751,64.1995,0.0,0.0,0.0,0.55,0.58125,0.605,0.14
578.0,579.0,580.0,965589300,9.94738,7.85724,6.48012,65.3751,64.1995,63.3951,0.0,0.0,0.0,0.58125,0.605,0.62125,0.14
579.0,580.0,581.0,965590200,7.85724,6.48012,5.81603,64.1995,63.3951,62.962,0.0,0.0,0.0,0.605,0.62125,0.63,0.14
580.0,581.0,582.0,965591100,6.48012,5.81603,7.2281,63.3951,62.962,64.0139,0.0,0.0,0.0,0.62125,0.63,0.61063,0.14
581.0,582.0,583.0,965592000,5.81603,7.2281,8.44443,62.962,64.0139,64.6945,0.0,0.0,0.0,0.63,0.61063,0.5975,0.14
582.0,583.0,584.0,965592900,7.2281,8.44443,9.46504,64.0139,64.6945,65.0039,0.0,0.0,0.0,0.61063,0.5975,0.59063,0.14
583.0,584.0,585.0,965593800,8.44443,9.46504,10.2899,64.6945,65.0039,64.942,0.0,0.0,0.0,0.5975,0.59063,0.59,0.14
584.0,585.0,586.0,965594700,9.46504,10.2899,11.0868,65.0039,64.942,63.3951,0.0,0.0,0.0,0.59063,0.59,0.6125,0.14
585.0,586.0,587.0,965595600,10.2899,11.0868,11.5761,64.942,63.3951,62.2195,0.0,0.0,0.0,0.59,0.6125,0.63,0.14
586.0,587.0,588.0,965596500,11.0868,11.5761,11.7579,63.3951,62.2195,61.4151,0.0,0.0,0.0,0.6125,0.63,0.6425,0.14
587.0,588.0,589.0,965597400,11.5761,11.7579,11.6321,62.2195,61.4151,60.982,0.0,0.0,0.0,0.63,0.6425,0.65,0.14
588.0,589.0,590.0,965598300,11.7579,11.6321,10.5066,61.4151,60.982,61.6626,0.0,0.0,0.0,0.6425,0.65,0.64313,0.14
589.0,590.0,591.0,965599200,11.6321,10.5066,9.53494,60.982,61.6626,62.2195,0.0,0.0,0.0,0.65,0.64313,0.6375,0.14
590.0,591.0,592.0,965600100,10.5066,9.53494,8.71706,61.6626,62.2195,62.6526,0.0,0.0,0.0,0.64313,0.6375,0.63313,0.14
591.0,592.0,593.0,965601000,9.53494,8.71706,8.05297,62.2195,62.6526,62.962,0.0,0.0,0.0929,0.6375,0.63313,0.63,0.14
592.0,593.0,594.0,965601900,8.71706,8.05297,7.45878,62.6526,62.962,62.6751,0.0,0.0929,0.84902,0.63313,0.63,0.63563,0.14
593.0,594.0,595.0,965602800,8.05297,7.45878,7.07431,62.962,62.6751,62.5795,0.0929,0.84902,2.00243,0.63,0.63563,0.6375,0.14
594.0,595.0,596.0,965603700,7.45878,7.07431,6.89955,62.6751,62.5795,62.6751,0.84902,2.00243,3.55313,0.63563,0.6375,0.63563,0.14
595.0,596.0,597.0,965604600,7.07431,6.89955,6.9345,62.5795,62.6751,62.962,2.00243,3.55313,5.50113,0.6375,0.63563,0.63,0.14
596.0,597.0,598.0,965605500,6.89955,6.9345,7.80831,62.6751,62.962,63.727,3.55313,5.50113,8.09406,0.63563,0.63,0.61313,0.14
597.0,598.0,599.0,965606400,6.9345,7.80831,8.4724,62.962,63.727,64.492,5.50113,8.09406,10.9192,0.63,0.61313,0.5975,0.14
598.0,599.0,600.0,965607300,7.80831,8.4724,8.92677,63.727,64.492,65.257,8.09406,10.9192,13.9765,0.61313,0.5975,0.58313,0.1324
599.0,600.0,601.0,965608200,8.4724,8.92677,9.17144,64.492,65.257,66.022,10.9192,13.9765,17.2661,0.5975,0.58313,0.57,0.13
600.0,601.0,602.0,965609100,8.92677,9.17144,8.89182,65.257,66.022,66.8882,13.9765,17.2661,21.0277,0.58313,0.57,0.56,0.128
601.0,602.0,603.0,965610000,9.17144,8.89182,8.6122,66.022,66.8882,67.687,17.2661,21.0277,24.8616,0.57,0.56,0.55,0.1257
602.0,603.0,604.0,965610900,8.89182,8.6122,8.33259,66.8882,67.687,68.4182,21.0277,24.8616,28.7678,0.56,0.55,0.54,0.1261
603.0,604.0,605.0,965611800,8.6122,8.33259,8.05297,67.687,68.4182,69.082,24.8616,28.7678,32.7463,0.55,0.54,0.53,0.1235
604.0,605.0,606.0,965612700,8.33259,8.05297,7.2281,68.4182,69.082,69.4926,28.7678,32.7463,37.3083,0.54,0.53,0.51906,0.1222
605.0,606.0,607.0,965613600,8.05297,7.2281,6.76673,69.082,69.4926,69.9595,32.7463,37.3083,41.6017,0.53,0.51906,0.50875,0.122
606.0,607.0,608.0,965614500,7.2281,6.76673,6.66887,69.4926,69.9595,70.4826,37.3083,41.6017,45.6266,0.51906,0.50875,0.49906,0.12
607.0,608.0,609.0,965615400,6.76673,6.66887,6.9345,69.9595,70.4826,71.062,41.6017,45.6266,49.383,0.50875,0.49906,0.49,0.12
608.0,609.0,610.0,965616300,6.66887,6.9345,8.77997,70.4826,71.062,71.8664,45.6266,49.383,52.7103,0.49906,0.49,0.48063,0.12
609.0,610.0,611.0,965617200,6.9345,8.77997,10.1781,71.062,71.8664,72.6145,49.383,52.7103,55.8761,0.49,0.48063,0.4725,0.12
610.0,611.0,612.0,965618100,8.77997,10.1781,11.1288,71.8664,72.6145,73.3064,52.7103,55.8761,58.8803,0.48063,0.4725,0.46563,0.12
611.0,612.0,613.0,965619000,10.1781,11.1288,11.6321,72.6145,73.3064,73.942,55.8761,58.8803,61.7228,0.4725,0.46563,0.46,0.12
612.0,613.0,614.0,965619900,11.1288,11.6321,10.4507,73.3064,73.942,74.4201,58.8803,61.7228,64.2877,0.46563,0.46,0.45938,0.12
613.0,614.0,615.0,965620800,11.6321,10.4507,9.64679,73.942,74.4201,74.9095,61.7228,64.2877,66.7684,0.46,0.45938,0.4575,0.12
614.0,615.0,616.0,965621700,10.4507,9.64679,9.22037,74.4201,74.9095,75.4101,64.2877,66.7684,69.1649,0.45938,0.4575,0.45438,0.12
615.0,616.0,617.0,965622600,9.64679,9.22037,9.17144,74.9095,75.4101,75.922,66.7684,69.1649,71.4771,0.4575,0.45438,0.45,0.12
616.0,617.0,618.0,965623500,9.22037,9.17144,10.4018,75.4101,75.922,76.5801,69.1649,71.4771,74.4292,0.45438,0.45,0.44063,0.12
617.0,618.0,619.0,965624400,9.17144,10.4018,11.4084,75.922,76.5801,77.1595,71.4771,74.4292,76.8143,0.45,0.44063,0.4325,0.12
618.0,619.0,620.0,965625300,10.4018,11.4084,12.1913,76.5801,77.1595,77.6601,74.4292,76.8143,78.6324,0.44063,0.4325,0.42563,0.12
619.0,620.0,621.0,965626200,11.4084,12.1913,12.7505,77.1595,77.6601,78.082,76.8143,78.6324,79.8835,0.4325,0.42563,0.42,0.12
620.0,621.0,622.0,965627100,12.1913,12.7505,12.6457,77.6601,78.082,78.2057,78.6324,79.8835,80.1254,0.42563,0.42,0.41844,0.12
621.0,622.0,623.0,965628000,12.7505,12.6457,12.6107,78.082,78.2057,78.397,79.8835,80.1254,80.0951,0.42,0.41844,0.41625,0.12
622.0,623.0,624.0,965628900,12.6457,12.6107,12.6457,78.2057,78.397,78.6557,80.1254,80.0951,79.7928,0.41844,0.41625,0.41344,0.12
623.0,624.0,625.0,965629800,12.6107,12.6457,12.7505,78.397,78.6557,78.982,80.0951,79.7928,79.2183,0.41625,0.41344,0.41,0.12
624.0,625.0,626.0,965630700,12.6457,12.7505,13.4706,78.6557,78.982,79.477,79.7928,79.2183,78.3461,0.41344,0.41,0.40594,0.12
625.0,626.0,627.0,965631600,12.7505,13.4706,13.897,78.982,79.477,79.972,79.2183,78.3461,77.2189,0.41,0.40594,0.40125,0.12
626.0,627.0,628.0,965632500,13.4706,13.897,14.0298,79.477,79.972,80.467,78.3461,77.2189,75.8368,0.40594,0.40125,0.39594,0.12
627.0,628.0,629.0,965633400,13.897,14.0298,13.869,79.972,80.467,80.962,77.2189,75.8368,74.1997,0.40125,0.39594,0.39,0.12
628.0,629.0,630.0,965634300,14.0298,13.869,12.408,80.467,80.962,81.6426,75.8368,74.1997,72.5304,0.39594,0.39,0.38531,0.12
629.0,630.0,631.0,965635200,13.869,12.408,11.3245,80.962,81.6426,82.1995,74.1997,72.5304,70.4576,0.39,0.38531,0.37875,0.12
630.0,631.0,632.0,965636100,12.408,11.3245,10.6185,81.6426,82.1995,82.6326,72.5304,70.4576,67.9814,0.38531,0.37875,0.37031,0.12
631.0,632.0,633.0,965637000,11.3245,10.6185,10.2899,82.1995,82.6326,82.942,70.4576,67.9814,65.1017,0.37875,0.37031,0.36,0.12
632.0,633.0,634.0,965637900,10.6185,10.2899,11.2406,82.6326,82.942,82.942,67.9814,65.1017,61.1602,0.37031,0.36,0.34031,0.12
633.0,634.0,635.0,965638800,10.2899,11.2406,11.9676,82.942,82.942,82.942,65.1017,61.1602,57.2542,0.36,0.34031,0.32375,0.12
634.0,635.0,636.0,965639700,11.2406,11.9676,12.4709,82.942,82.942,82.942,61.1602,57.2542,53.3836,0.34031,0.32375,0.31031,0.12
635.0,636.0,637.0,965640600,11.9676,12.4709,12.7505,82.942,82.942,82.942,57.2542,53.3836,49.5484,0.32375,0.31031,0.3,0.12
636.0,637.0,638.0,965641500,12.4709,12.7505,11.9466,82.942,82.942,83.3132,53.3836,49.5484,45.9088,0.31031,0.3,0.29,0.12
637.0,638.0,639.0,965642400,12.7505,11.9466,11.4923,82.942,83.3132,83.437,49.5484,45.9088,42.1979,0.3,0.29,0.285,0.12
638.0,639.0,640.0,965643300,11.9466,11.4923,11.3874,83.3132,83.437,83.3132,45.9088,42.1979,38.4157,0.29,0.285,0.285,0.1252
639.0,640.0,641.0,965644200,11.4923,11.3874,11.6321,83.437,83.3132,82.942,42.1979,38.4157,34.562,0.285,0.285,0.29,0.1251
640.0,641.0,642.0,965645100,11.3874,11.6321,13.8201,83.3132,82.942,81.8676,38.4157,34.562,30.2461,0.285,0.29,0.31688,0.1304
641.0,642.0,643.0,965646000,11.6321,13.8201,15.2951,82.942,81.8676,80.8495,34.562,30.2461,26.1194,0.29,0.31688,0.3375,0.1305
642.0,643.0,644.0,965646900,13.8201,15.2951,16.057,81.8676,80.8495,79.8876,30.2461,26.1194,22.1819,0.31688,0.3375,0.35188,0.1305
643.0,644.0,645.0,965647800,15.2951,16.057,16.1059,80.8495,79.8876,78.982,26.1194,22.1819,18.4336,0.3375,0.35188,0.36,0.1306
644.0,645.0,646.0,965648700,16.057,16.1059,13.3867,79.8876,78.982,78.1157,22.1819,18.4336,14.3601,0.35188,0.36,0.34313,0.1306
645.0,646.0,647.0,965649600,16.1059,13.3867,11.3245,78.982,78.1157,77.317,18.4336,14.3601,10.8186,0.36,0.34313,0.3325,0.1306
646.0,647.0,648.0,965650500,13.3867,11.3245,9.91941,78.1157,77.317,76.5857,14.3601,10.8186,7.80923,0.34313,0.3325,0.32813,0.1306
647.0,648.0,649.0,965651400,11.3245,9.91941,9.17144,77.317,76.5857,75.922,10.8186,7.80923,5.33191,0.3325,0.32813,0.33,0.1306
648.0,649.0,650.0,965652300,9.91941,9.17144,10.5066,76.5857,75.922,75.3257,7.80923,5.33191,3.82423,0.32813,0.33,0.34938,0.1306
649.0,650.0,651.0,965653200,9.17144,10.5066,11.5482,75.922,75.3257,74.797,5.33191,3.82423,2.55688,0.33,0.34938,0.3675,0.1306
650.0,651.0,652.0,965654100,10.5066,11.5482,12.2962,75.3257,74.797,74.3357,3.82423,2.55688,1.52988,0.34938,0.3675,0.38438,0.1319
651.0,652.0,653.0,965655000,11.5482,12.2962,12.7505,74.797,74.3357,73.942,2.55688,1.52988,0.74322,0.3675,0.38438,0.4,0.1348
652.0,653.0,654.0,965655900,12.2962,12.7505,12.0515,74.3357,73.942,73.9195,1.52988,0.74322,0.48774,0.38438,0.4,0.41531,0.1359
653.0,654.0,655.0,965656800,12.7505,12.0515,11.6321,73.942,73.9195,73.762,0.74322,0.48774,0.27871,0.4,0.41531,0.42875,0.1371
654.0,655.0,656.0,965657700,12.0515,11.6321,11.4923,73.9195,73.762,73.4695,0.48774,0.27871,0.11613,0.41531,0.42875,0.44031,0.1383
655.0,656.0,657.0,965658600,11.6321,11.4923,11.6321,73.762,73.4695,73.042,0.27871,0.11613,0.0,0.42875,0.44031,0.45,0.14
656.0,657.0,658.0,965659500,11.4923,11.6321,13.1001,73.4695,73.042,72.1757,0.11613,0.0,0.0,0.44031,0.45,0.455,0.14
657.0,658.0,659.0,965660400,11.6321,13.1001,14.1486,73.042,72.1757,71.377,0.0,0.0,0.0,0.45,0.455,0.46,0.14
658.0,659.0,660.0,965661300,13.1001,14.1486,14.7778,72.1757,71.377,70.6457,0.0,0.0,0.0,0.455,0.46,0.465,0.14
659.0,660.0,661.0,965662200,14.1486,14.7778,14.9875,71.377,70.6457,69.982,0.0,0.0,0.0,0.46,0.465,0.47,0.14
660.0,661.0,662.0,965663100,14.7778,14.9875,14.1696,70.6457,69.982,69.5882,0.0,0.0,0.0,0.465,0.47,0.47406,0.14
661.0,662.0,663.0,965664000,14.9875,14.1696,13.3377,69.982,69.5882,69.127,0.0,0.0,0.0,0.47,0.47406,0.47875,0.14
662.0,663.0,664.0,965664900,14.1696,13.3377,12.4919,69.5882,69.127,68.5982,0.0,0.0,0.0,0.47406,0.47875,0.48406,0.14
663.0,664.0,665.0,965665800,13.3377,12.4919,11.6321,69.127,68.5982,68.002,0.0,0.0,0.0,0.47875,0.48406,0.49,0.14
664.0,665.0,666.0,965666700,12.4919,11.6321,10.5066,68.5982,68.002,66.8489,0.0,0.0,0.0,0.48406,0.49,0.50125,0.14
665.0,666.0,667.0,965667600,11.6321,10.5066,9.53494,68.002,66.8489,65.9545,0.0,0.0,0.0,0.49,0.50125,0.51,0.14
666.0,667.0,668.0,965668500,10.5066,9.53494,8.71706,66.8489,65.9545,65.3189,0.0,0.0,0.0,0.50125,0.51,0.51625,0.14
667.0,668.0,669.0,965669400,9.53494,8.71706,8.05297,65.9545,65.3189,64.942,0.0,0.0,0.0,0.51,0.51625,0.52,0.14
668.0,669.0,670.0,965670300,8.71706,8.05297,7.56364,65.3189,64.942,65.4145,0.0,0.0,0.0,0.51625,0.52,0.5175,0.14
669.0,670.0,671.0,965671200,8.05297,7.56364,7.21412,64.942,65.4145,65.752,0.0,0.0,0.0,0.52,0.5175,0.515,0.14
670.0,671.0,672.0,965672100,7.56364,7.21412,7.00441,65.4145,65.752,65.9545,0.0,0.0,0.0,0.5175,0.515,0.5125,0.14
671.0,672.0,673.0,965673000,7.21412,7.00441,6.9345,65.752,65.9545,66.022,0.0,0.0,0.0,0.515,0.5125,0.51,0.14
672.0,673.0,674.0,965673900,7.00441,6.9345,7.42383,65.9545,66.022,66.1064,0.0,0.0,0.0,0.5125,0.51,0.49531,0.14
673.0,674.0,675.0,965674800,6.9345,7.42383,7.77335,66.022,66.1064,65.9545,0.0,0.0,0.0,0.51,0.49531,0.48875,0.14
674.0,675.0,676.0,965675700,7.42383,7.77335,7.98307,66.1064,65.9545,65.5664,0.0,0.0,0.0,0.49531,0.48875,0.49031,0.14
675.0,676.0,677.0,965676600,7.77335,7.98307,8.05297,65.9545,65.5664,64.942,0.0,0.0,0.0,0.48875,0.49031,0.5,0.14
676.0,677.0,678.0,965677500,7.98307,8.05297,7.77335,65.5664,64.942,63.3726,0.0,0.0,0.0,0.49031,0.5,0.53375,0.14
677.0,678.0,679.0,965678400,8.05297,7.77335,7.49374,64.942,63.3726,62.0395,0.0,0.0,0.0,0.5,0.53375,0.565,0.14
678.0,679.0,680.0,965679300,7.77335,7.49374,7.21412,63.3726,62.0395,60.9426,0.0,0.0,0.0,0.53375,0.565,0.59375,0.14
679.0,680.0,681.0,965680200,7.49374,7.21412,6.9345,62.0395,60.9426,60.082,0.0,0.0,0.0,0.565,0.59375,0.62,0.14
680.0,681.0,682.0,965681100,7.21412,6.9345,6.78071,60.9426,60.082,59.812,0.0,0.0,0.0,0.59375,0.62,0.6475,0.14
681.0,682.0,683.0,965682000,6.9345,6.78071,6.54304,60.082,59.812,59.542,0.0,0.0,0.0,0.62,0.6475,0.67,0.14
682.0,683.0,684.0,965682900,6.78071,6.54304,6.22148,59.812,59.542,59.272,0.0,0.0,0.0,0.6475,0.67,0.6875,0.14
683.0,684.0,685.0,965683800,6.54304,6.22148,5.81603,59.542,59.272,59.002,0.0,0.0,0.0,0.67,0.6875,0.7,0.14
684.0,685.0,686.0,965684700,6.22148,5.81603,4.73951,59.272,59.002,58.3439,0.0,0.0,0.0,0.6875,0.7,0.70281,0.14
685.0,686.0,687.0,965685600,5.81603,4.73951,3.97056,59.002,58.3439,57.9445,0.0,0.0,0.0,0.7,0.70281,0.70375,0.16
686.0,687.0,688.0,965686500,4.73951,3.97056,3.50919,58.3439,57.9445,57.8039,0.0,0.0,0.0,0.70281,0.70375,0.70281,0.3
687.0,688.0,689.0,965687400,3.97056,3.50919,3.3554,57.9445,57.8039,57.922,0.0,0.0,0.0,0.70375,0.70281,0.7,0.3
688.0,689.0,690.0,965688300,3.50919,3.3554,4.3061,57.8039,57.922,58.5014,0.0,0.0,0.80161,0.70281,0.7,0.69906,0.3
689.0,690.0,691.0,965689200,3.3554,4.3061,5.03311,57.922,58.5014,59.2045,0.0,0.80161,2.01512,0.7,0.69906,0.69375,0.3
690.0,691.0,692.0,965690100,4.3061,5.03311,5.53642,58.5014,59.2045,60.0314,0.80161,2.01512,3.64055,0.69906,0.69375,0.68406,0.16
691.0,692.0,693.0,965691000,5.03311,5.53642,5.81603,59.2045,60.0314,60.982,2.01512,3.64055,5.6779,0.69375,0.68406,0.67,0.14
692.0,693.0,694.0,965691900,5.53642,5.81603,5.3267,60.0314,60.982,62.6301,3.64055,5.6779,9.27402,0.68406,0.67,0.63375,0.14
693.0,694.0,695.0,965692800,5.81603,5.3267,4.97718,60.982,62.6301,64.0195,5.6779,9.27402,12.5175,0.67,0.63375,0.605,0.14
694.0,695.0,696.0,965693700,5.3267,4.97718,4.76747,62.6301,64.0195,65.1501,9.27402,12.5175,15.4083,0.63375,0.605,0.58375,0.1378
695.0,696.0,697.0,965694600,4.97718,4.76747,4.69757,64.0195,65.1501,66.022,12.5175,15.4083,17.9464,0.605,0.58375,0.57,0.12
696.0,697.0,698.0,965695500,4.76747,4.69757,4.97718,65.1501,66.022,66.6014,15.4083,17.9464,20.8078,0.58375,0.57,0.57313,0.12
697.0,698.0,699.0,965696400,4.69757,4.97718,5.2568,66.022,66.6014,66.9445,17.9464,20.8078,22.8659,0.57,0.57313,0.5775,0.12
698.0,699.0,700.0,965697300,4.97718,5.2568,5.53642,66.6014,66.9445,67.0514,20.8078,22.8659,24.1207,0.57313,0.5775,0.58313,0.12
699.0,700.0,701.0,965698200,5.2568,5.53642,5.81603,66.9445,67.0514,66.922,22.8659,24.1207,24.5722,0.5775,0.58313,0.59,0.12
700.0,701.0,702.0,965699100,5.53642,5.81603,6.09565,67.0514,66.922,65.932,24.1207,24.5722,21.2777,0.58313,0.59,0.60188,0.1375
701.0,702.0,703.0,965700000,5.81603,6.09565,6.37527,66.922,65.932,65.122,24.5722,21.2777,19.1418,0.59,0.60188,0.6125,0.1376
702.0,703.0,704.0,965700900,6.09565,6.37527,6.65489,65.932,65.122,64.492,21.2777,19.1418,18.1645,0.60188,0.6125,0.62188,0.14
703.0,704.0,705.0,965701800,6.37527,6.65489,6.9345,65.122,64.492,64.042,19.1418,18.1645,18.3459,0.6125,0.62188,0.63,0.14
704.0,705.0,706.0,965702700,6.65489,6.9345,7.52869,64.492,64.042,63.2995,18.1645,18.3459,20.4691,0.62188,0.63,0.65,0.14
705.0,706.0,707.0,965703600,6.9345,7.52869,7.91316,64.042,63.2995,63.052,18.3459,20.4691,23.2288,0.63,0.65,0.66,0.14
706.0,707.0,708.0,965704500,7.52869,7.91316,8.08792,63.2995,63.052,63.2995,20.4691,23.2288,26.6251,0.65,0.66,0.66,0.14
707.0,708.0,709.0,965705400,7.91316,8.08792,8.05297,63.052,63.2995,64.042,23.2288,26.6251,30.6578,0.66,0.66,0.65,0.14
708.0,709.0,710.0,965706300,8.08792,8.05297,7.28402,63.2995,64.042,66.8489,26.6251,30.6578,39.4727,0.66,0.65,0.6,0.139
709.0,710.0,711.0,965707200,8.05297,7.28402,6.65489,64.042,66.8489,69.1045,30.6578,39.4727,46.1604,0.65,0.6,0.56,0.1302
710.0,711.0,712.0,965708100,7.28402,6.65489,6.16556,66.8489,69.1045,70.8089,39.4727,46.1604,50.7207,0.6,0.56,0.53,0.12
711.0,712.0,713.0,965709000,6.65489,6.16556,5.81603,69.1045,70.8089,71.962,46.1604,50.7207,53.1537,0.56,0.53,0.51,0.12
712.0,713.0,714.0,965709900,6.16556,5.81603,6.04672,70.8089,71.962,71.197,50.7207,53.1537,48.4456,0.53,0.51,0.5225,0.12
713.0,714.0,715.0,965710800,5.81603,6.04672,6.12361,71.962,71.197,70.792,53.1537,48.4456,44.9527,0.51,0.5225,0.53,0.12
714.0,715.0,716.0,965711700,6.04672,6.12361,6.04672,71.197,70.792,70.747,48.4456,44.9527,42.675,0.5225,0.53,0.5325,0.12
715.0,716.0,717.0,965712600,6.12361,6.04672,5.81603,70.792,70.747,71.062,44.9527,42.675,41.6123,0.53,0.5325,0.53,0.1239
716.0,717.0,718.0,965713500,6.04672,5.81603,4.5298,70.747,71.062,72.7326,42.675,41.6123,43.93,0.5325,0.53,0.50938,0.1394
717.0,718.0,719.0,965714400,5.81603,4.5298,3.69094,71.062,72.7326,74.0995,41.6123,43.93,46.0193,0.53,0.50938,0.4925,0.1396
718.0,719.0,720.0,965715300,4.5298,3.69094,3.29948,72.7326,74.0995,75.1626,43.93,46.0193,47.8803,0.50938,0.4925,0.47938,0.1398
719.0,720.0,721.0,965716200,3.69094,3.29948,3.3554,74.0995,75.1626,75.922,46.0193,47.8803,49.513,0.4925,0.47938,0.47,0.14
720.0,721.0,722.0,965717100,3.29948,3.3554,4.86534,75.1626,75.922,75.8207,47.8803,49.513,51.2288,0.47938,0.47,0.47375,0.1402
721.0,722.0,723.0,965718000,3.3554,4.86534,6.15157,75.922,75.8207,75.787,49.513,51.2288,52.5087,0.47,0.47375,0.475,0.14
722.0,723.0,724.0,965718900,4.86534,6.15157,7.21412,75.8207,75.787,75.8207,51.2288,52.5087,53.3526,0.47375,0.475,0.47375,0.14
723.0,724.0,725.0,965719800,6.15157,7.21412,8.05297,75.787,75.8207,75.922,52.5087,53.3526,53.7605,0.475,0.47375,0.47,0.1347
724.0,725.0,726.0,965720700,7.21412,8.05297,8.5423,75.8207,75.922,75.922,53.3526,53.7605,52.8653,0.47375,0.47,0.46,0.14
725.0,726.0,727.0,965721600,8.05297,8.5423,8.89182,75.922,75.922,76.102,53.7605,52.8653,52.1122,0.47,0.46,0.45,0.14
726.0,727.0,728.0,965722500,8.5423,8.89182,9.10153,75.922,76.102,76.462,52.8653,52.1122,51.5013,0.46,0.45,0.44,0.14
727.0,728.0,729.0,965723400,8.89182,9.10153,9.17144,76.102,76.462,77.002,52.1122,51.5013,51.0326,0.45,0.44,0.43,0.14
728.0,729.0,730.0,965724300,9.10153,9.17144,8.89182,76.462,77.002,78.3632,51.5013,51.0326,52.4208,0.44,0.43,0.41625,0.14
729.0,730.0,731.0,965725200,9.17144,8.89182,8.6122,77.002,78.3632,79.477,51.0326,52.4208,52.808,0.43,0.41625,0.405,0.14
730.0,731.0,732.0,965726100,8.89182,8.6122,8.33259,78.3632,79.477,80.3432,52.4208,52.808,52.1943,0.41625,0.405,0.39625,0.14
731.0,732.0,733.0,965727000,8.6122,8.33259,8.05297,79.477,80.3432,80.962,52.808,52.1943,50.5797,0.405,0.39625,0.39,0.14
732.0,733.0,734.0,965727900,8.33259,8.05297,7.77335,80.3432,80.962,81.0464,52.1943,50.5797,46.3698,0.39625,0.39,0.38813,0.12
733.0,734.0,735.0,965728800,8.05297,7.77335,7.49374,80.962,81.0464,81.0745,50.5797,46.3698,42.2219,0.39,0.38813,0.3875,0.14
734.0,735.0,736.0,965729700,7.77335,7.49374,7.21412,81.0464,81.0745,81.0464,46.3698,42.2219,38.1357,0.38813,0.3875,0.38813,0.1399
735.0,736.0,737.0,965730600,7.49374,7.21412,6.9345,81.0745,81.0464,80.962,42.2219,38.1357,34.1114,0.3875,0.38813,0.39,0.14
736.0,737.0,738.0,965731500,7.21412,6.9345,6.44517,81.0464,80.962,80.8382,38.1357,34.1114,29.987,0.38813,0.39,0.39406,0.14
737.0,738.0,739.0,965732400,6.9345,6.44517,6.09565,80.962,80.8382,80.647,34.1114,29.987,26.0324,0.39,0.39406,0.39875,0.14
738.0,739.0,740.0,965733300,6.44517,6.09565,5.88594,80.8382,80.647,80.3882,29.987,26.0324,22.2475,0.39406,0.39875,0.40406,0.14
739.0,740.0,741.0,965734200,6.09565,5.88594,5.81603,80.647,80.3882,80.062,26.0324,22.2475,18.6325,0.39875,0.40406,0.41,0.14
740.0,741.0,742.0,965735100,5.88594,5.81603,6.30536,80.3882,80.062,79.8539,22.2475,18.6325,14.6999,0.40406,0.41,0.41281,0.14
741.0,742.0,743.0,965736000,5.81603,6.30536,6.65489,80.062,79.8539,79.4545,18.6325,14.6999,11.2619,0.41,0.41281,0.41875,0.14
742.0,743.0,744.0,965736900,6.30536,6.65489,6.8646,79.8539,79.4545,78.8639,14.6999,11.2619,8.31863,0.41281,0.41875,0.42781,0.14
743.0,744.0,745.0,965737800,6.65489,6.8646,6.9345,79.4545,78.8639,78.082,11.2619,8.31863,5.86999,0.41875,0.42781,0.44,0.14
744.0,745.0,746.0,965738700,6.8646,6.9345,6.55003,78.8639,78.082,77.0076,8.31863,5.86999,4.29928,0.42781,0.44,0.4525,0.14
745.0,746.0,747.0,965739600,6.9345,6.55003,6.23546,78.082,77.0076,75.8095,5.86999,4.29928,2.9677,0.44,0.4525,0.47,0.14
746.0,747.0,748.0,965740500,6.55003,6.23546,5.9908,77.0076,75.8095,74.4876,4.29928,2.9677,1.87525,0.4525,0.47,0.4925,0.14
747.0,748.0,749.0,965741400,6.23546,5.9908,5.81603,75.8095,74.4876,73.042,2.9677,1.87525,1.02193,0.47,0.4925,0.52,0.1442
748.0,749.0,750.0,965742300,5.9908,5.81603,5.50147,74.4876,73.042,70.8145,1.87525,1.02193,0.67064,0.4925,0.52,0.57313,0.1552
749.0,750.0,751.0,965743200,5.81603,5.50147,5.39661,73.042,70.8145,68.902,1.02193,0.67064,0.38323,0.52,0.57313,0.6175,0.1568
750.0,751.0,752.0,965744100,5.50147,5.39661,5.50147,70.8145,68.902,67.3045,0.67064,0.38323,0.15968,0.57313,0.6175,0.65313,0.1562
751.0,752.0,753.0,965745000,5.39661,5.50147,5.81603,68.902,67.3045,66.022,0.38323,0.15968,0.0,0.6175,0.65313,0.68,0.1553
752.0,753.0,754.0,965745900,5.50147,5.81603,7.17917,67.3045,66.022,65.527,0.15968,0.0,0.0,0.65313,0.68,0.68406,0.1534
753.0,754.0,755.0,965746800,5.81603,7.17917,8.19278,66.022,65.527,65.032,0.0,0.0,0.0,0.68,0.68406,0.68875,0.1452
754.0,755.0,756.0,965747700,7.17917,8.19278,8.85687,65.527,65.032,64.537,0.0,0.0,0.0,0.68406,0.68875,0.69406,0.14
755.0,756.0,757.0,965748600,8.19278,8.85687,9.17144,65.032,64.537,64.042,0.0,0.0,0.0,0.68875,0.69406,0.7,0.14
756.0,757.0,758.0,965749500,8.85687,9.17144,8.19278,64.537,64.042,63.6482,0.0,0.0,0.0,0.69406,0.7,0.70281,0.14
757.0,758.0,759.0,965750400,9.17144,8.19278,7.49374,64.042,63.6482,63.187,0.0,0.0,0.0,0.7,0.70281,0.70875,0.14
758.0,759.0,760.0,965751300,8.19278,7.49374,7.07431,63.6482,63.187,62.6582,0.0,0.0,0.0,0.70281,0.70875,0.71781,0.1453
759.0,760.0,761.0,965752200,7.49374,7.07431,6.9345,63.187,62.6582,62.062,0.0,0.0,0.0,0.70875,0.71781,0.73,0.1453
760.0,761.0,762.0,965753100,7.07431,6.9345,7.59859,62.6582,62.062,61.1114,0.0,0.0,0.0,0.71781,0.73,0.7575,0.1454
761.0,762.0,763.0,965754000,6.9345,7.59859,8.19278,62.062,61.1114,60.2845,0.0,0.0,0.0,0.73,0.7575,0.78,0.14
762.0,763.0,764.0,965754900,7.59859,8.19278,8.71706,61.1114,60.2845,59.5814,0.0,0.0,0.0,0.7575,0.78,0.7975,0.14
763.0,764.0,765.0,965755800,8.19278,8.71706,9.17144,60.2845,59.5814,59.002,0.0,0.0,0.0,0.78,0.7975,0.81,0.14
764.0,765.0,766.0,965756700,8.71706,9.17144,9.43008,59.5814,59.002,58.7151,0.0,0.0,0.0,0.7975,0.81,0.80719,0.14
765.0,766.0,767.0,965757600,9.17144,9.43008,9.70271,59.002,58.7151,58.4395,0.0,0.0,0.0,0.81,0.80719,0.80625,0.14
766.0,767.0,768.0,965758500,9.43008,9.70271,9.98932,58.7151,58.4395,58.1751,0.0,0.0,0.0,0.80719,0.80625,0.80719,0.14
